IPEDS_ID,EFBAGE,LINE,LSTUDY,XEFAGE01,EFAGE01,XEFAGE02,EFAGE02,XEFAGE03,EFAGE03,XEFAGE04,EFAGE04,XEFAGE05,EFAGE05,XEFAGE06,EFAGE06,XEFAGE07,EFAGE07,XEFAGE08,EFAGE08,XEFAGE09,AllStudentTotal
100654,1,412,1,R,2140,R,3352,R,241,R,373,R,5492,R,614,R,2381,R,3725,R,6106
100663,1,412,1,R,5659,R,8561,R,2704,R,4999,R,14220,R,7703,R,8363,R,13560,R,21923
100706,1,412,1,R,4075,R,3050,R,1346,R,1265,R,7125,R,2611,R,5421,R,4315,R,9736
100724,1,412,1,R,1416,R,2518,R,181,R,298,R,3934,R,479,R,1597,R,2816,R,4413
100751,1,412,1,R,14790,R,18248,R,1916,R,3436,R,33038,R,5352,R,16706,R,21684,R,38390
100760,1,412,1,R,351,R,391,R,415,R,524,R,742,R,939,R,766,R,915,R,1681
100812,1,412,1,R,363,R,866,R,599,R,1216,R,1229,R,1815,R,962,R,2082,R,3044
100830,1,412,1,R,1288,R,2487,R,503,R,933,R,3775,R,1436,R,1791,R,3420,R,5211
100858,1,412,1,R,12791,R,13015,R,2629,R,2005,R,25806,R,4634,R,15420,R,15020,R,30440
100937,1,412,1,R,604,R,657,R,3,R,4,R,1261,R,7,R,607,R,661,R,1268
101028,1,412,1,R,379,R,485,R,231,R,473,R,864,R,704,R,610,R,958,R,1568
101143,1,412,1,R,487,R,412,R,352,R,454,R,899,R,806,R,839,R,866,R,1705
101161,1,412,1,R,1511,R,1933,R,1587,R,2388,R,3444,R,3975,R,3098,R,4321,R,7419
101189,1,412,1,R,906,R,1279,R,363,R,630,R,2185,R,993,R,1269,R,1909,R,3178
101240,1,412,1,R,998,R,1301,R,899,R,1538,R,2299,R,2437,R,1897,R,2839,R,4736
101286,1,412,1,R,647,R,1148,R,919,R,1896,R,1795,R,2815,R,1566,R,3044,R,4610
101295,1,412,1,R,997,R,1579,R,783,R,1698,R,2576,R,2481,R,1780,R,3277,R,5057
101301,1,412,1,R,317,R,395,R,250,R,513,R,712,R,763,R,567,R,908,R,1475
101435,1,412,1,R,477,R,404,R,68,R,132,R,881,R,200,R,545,R,536,R,1081
101462,1,412,1,R,177,R,135,R,226,R,293,R,312,R,519,R,403,R,428,R,831
101471,1,412,1,R,244,R,105,R,82,R,12,R,349,R,94,R,326,R,117,R,443
101480,1,412,1,R,2421,R,3286,R,1049,R,1723,R,5707,R,2772,R,3470,R,5009,R,8479
101505,1,412,1,R,1191,R,1468,R,2327,R,4092,R,2659,R,6419,R,3518,R,5560,R,9078
101514,1,412,1,R,1598,R,1664,R,2900,R,3574,R,3262,R,6474,R,4498,R,5238,R,9736
101569,1,412,1,R,708,R,937,R,571,R,1058,R,1645,R,1629,R,1279,R,1995,R,3274
101587,1,412,1,R,1272,R,3483,R,192,R,253,R,4755,R,445,R,1464,R,3736,R,5200
101602,1,412,1,R,344,R,536,R,429,R,475,R,880,R,904,R,773,R,1011,R,1784
101648,1,412,1,R,298,R,93,R,0,R,3,R,391,R,3,R,298,R,96,R,394
101736,1,412,1,R,566,R,792,R,826,R,1355,R,1358,R,2181,R,1392,R,2147,R,3539
101897,1,412,1,R,447,R,712,R,642,R,1082,R,1159,R,1724,R,1089,R,1794,R,2883
101912,1,412,1,R,629,R,873,R,61,R,73,R,1502,R,134,R,690,R,946,R,1636
101994,1,412,1,R,71,R,77,R,95,R,153,R,148,R,248,R,166,R,230,R,396
102030,1,412,1,R,656,R,769,R,537,R,898,R,1425,R,1435,R,1193,R,1667,R,2860
102049,1,412,1,R,1816,R,3476,R,97,R,230,R,5292,R,327,R,1913,R,3706,R,5619
102067,1,412,1,R,945,R,1028,R,976,R,1401,R,1973,R,2377,R,1921,R,2429,R,4350
102094,1,412,1,R,4385,R,7938,R,856,R,1655,R,12323,R,2511,R,5241,R,9593,R,14834
102234,1,412,1,R,480,R,769,R,83,R,47,R,1249,R,130,R,563,R,816,R,1379
102270,1,412,1,R,306,R,354,R,39,R,98,R,660,R,137,R,345,R,452,R,797
102313,1,412,1,R,430,R,410,R,393,R,622,R,840,R,1015,R,823,R,1032,R,1855
102368,1,412,1,R,3846,R,6459,R,2490,R,4186,R,10305,R,6676,R,6336,R,10645,R,16981
102395,1,412,1,R,147,R,27,R,260,R,112,R,174,R,372,R,407,R,139,R,546
102553,1,412,1,R,3023,R,3622,R,2949,R,5050,R,6645,R,7999,R,5972,R,8672,R,14644
102614,1,412,1,R,1585,R,1652,R,1428,R,2739,R,3237,R,4167,R,3013,R,4391,R,7404
102632,1,412,1,R,297,R,408,R,479,R,1082,R,705,R,1561,R,776,R,1490,R,2266
103741,1,412,1,R,11,R,67,R,2,R,22,R,78,R,24,R,13,R,89,R,102
104151,1,412,1,R,25863,R,20317,R,3166,R,2239,R,46180,R,5405,R,29029,R,22556,R,51585
104160,1,412,1,R,997,R,1169,R,2158,R,3110,R,2166,R,5268,R,3155,R,4279,R,7434
104179,1,412,1,R,17066,R,19147,R,3927,R,3957,R,36213,R,7884,R,20993,R,23104,R,44097
104346,1,412,1,R,702,R,1012,R,1171,R,2159,R,1714,R,3330,R,1873,R,3171,R,5044
104425,1,412,1,R,656,R,825,R,988,R,1201,R,1481,R,2189,R,1644,R,2026,R,3670
104434,1,412,1,R,0,R,37,Z,0,Z,0,R,37,Z,0,R,0,R,37,R,37
104443,1,412,1,R,1,R,32,R,3,R,12,R,33,R,15,R,4,R,44,R,48
104577,1,412,1,R,1102,R,881,R,1574,R,2483,R,1983,R,4057,R,2676,R,3364,R,6040
104586,1,412,1,R,1963,R,674,R,112,R,27,R,2637,R,139,R,2075,R,701,R,2776
104708,1,412,1,R,2790,R,2674,R,5464,R,7014,R,5464,R,12478,R,8254,R,9688,R,17942
105145,1,412,1,R,504,R,652,R,1658,R,2267,R,1156,R,3925,R,2162,R,2919,R,5081
105154,1,412,1,R,3160,R,3011,R,6379,R,7837,R,6171,R,14216,R,9539,R,10848,R,20387
105206,1,412,1,R,356,R,453,R,1016,R,2246,R,809,R,3262,R,1372,R,2699,R,4071
105297,1,412,1,R,272,R,570,R,218,R,459,R,842,R,677,R,490,R,1029,R,1519
105330,1,412,1,R,9196,R,14657,R,2616,R,4597,R,23853,R,7213,R,11812,R,19254,R,31066
105349,1,412,1,R,314,R,307,R,948,R,1613,R,621,R,2561,R,1262,R,1920,R,3182
105428,1,412,1,R,1080,R,1565,R,2798,R,5516,R,2645,R,8314,R,3878,R,7081,R,10959
105525,1,412,1,R,2427,R,2550,R,6162,R,8455,R,4977,R,14617,R,8589,R,11005,R,19594
105589,1,412,1,R,176,R,331,R,71,R,249,R,507,R,320,R,247,R,580,R,827
105659,1,412,1,R,867,R,45,Z,0,Z,0,R,912,Z,0,R,867,R,45,R,912
105668,1,412,1,R,741,R,1349,R,6135,R,10079,R,2090,R,16214,R,6876,R,11428,R,18304
105747,1,412,1,R,1189,R,1040,R,2789,R,3726,R,2229,R,6515,R,3978,R,4766,R,8744
105792,1,412,1,R,567,R,660,R,1112,R,1736,R,1227,R,2848,R,1679,R,2396,R,4075
105899,1,412,1,R,374,R,268,R,62,R,72,R,642,R,134,R,436,R,340,R,776
106111,1,412,1,R,3,R,48,R,2,R,34,R,51,R,36,R,5,R,82,R,87
106245,1,412,1,R,2119,R,3023,R,1832,R,3541,R,5142,R,5373,R,3951,R,6564,R,10515
106397,1,412,1,R,10470,R,12132,R,2616,R,2560,R,22602,R,5176,R,13086,R,14692,R,27778
106412,1,412,1,R,951,R,1340,R,127,R,161,R,2291,R,288,R,1078,R,1501,R,2579
106449,1,412,1,R,679,R,1100,R,698,R,969,R,1779,R,1667,R,1377,R,2069,R,3446
106458,1,412,1,R,3139,R,4317,R,2036,R,4217,R,7456,R,6253,R,5175,R,8534,R,13709
106467,1,412,1,R,3128,R,3455,R,2232,R,3286,R,6583,R,5518,R,5360,R,6741,R,12101
106546,1,412,1,R,81,R,507,R,7,R,53,R,588,R,60,R,88,R,560,R,648
106625,1,412,1,R,356,R,546,R,199,R,481,R,902,R,680,R,555,R,1027,R,1582
106704,1,412,1,R,3297,R,5345,R,971,R,1564,R,8642,R,2535,R,4268,R,6909,R,11177
106713,1,412,1,R,312,R,264,R,92,R,64,R,576,R,156,R,404,R,328,R,732
106999,1,412,1,R,196,R,485,R,229,R,409,R,681,R,638,R,425,R,894,R,1319
107071,1,412,1,R,1213,R,1612,R,397,R,739,R,2825,R,1136,R,1610,R,2351,R,3961
107460,1,412,1,R,391,R,592,R,332,R,497,R,983,R,829,R,723,R,1089,R,1812
107512,1,412,1,R,685,R,844,R,60,R,71,R,1529,R,131,R,745,R,915,R,1660
107521,1,412,1,R,105,R,233,R,447,R,472,R,338,R,919,R,552,R,705,R,1257
107558,1,412,1,R,424,R,437,R,7,R,4,R,861,R,11,R,431,R,441,R,872
107585,1,412,1,R,441,R,591,R,259,R,611,R,1032,R,870,R,700,R,1202,R,1902
107600,1,412,1,R,324,R,631,R,13,R,32,R,955,R,45,R,337,R,663,R,1000
107619,1,412,1,R,207,R,401,R,391,R,521,R,608,R,912,R,598,R,922,R,1520
107789,1,412,1,R,6,R,82,R,0,R,7,R,88,R,7,R,6,R,89,R,95
107974,1,412,1,R,158,R,396,R,278,R,641,R,554,R,919,R,436,R,1037,R,1473
107983,1,412,1,R,1654,R,2086,R,269,R,463,R,3740,R,732,R,1923,R,2549,R,4472
107992,1,412,1,R,238,R,166,R,282,R,396,R,404,R,678,R,520,R,562,R,1082
108092,1,412,1,R,1746,R,2558,R,1086,R,1167,R,4304,R,2253,R,2832,R,3725,R,6557
108232,1,412,1,R,2646,R,3529,R,1687,R,2754,R,6175,R,4441,R,4333,R,6283,R,10616
108807,1,412,1,R,1637,R,1923,R,3439,R,4286,R,3560,R,7725,R,5076,R,6209,R,11285
109208,1,412,1,R,2949,R,3224,R,13776,R,11417,R,6173,R,25193,R,16725,R,14641,R,31366
109350,1,412,1,R,1777,R,2212,R,4098,R,6152,R,3989,R,10250,R,5875,R,8364,R,14239
109721,1,412,1,R,164,R,203,Z,0,Z,0,R,367,Z,0,R,164,R,203,R,367
109785,1,412,1,R,2391,R,4803,R,822,R,2079,R,7194,R,2901,R,3213,R,6882,R,10095
109819,1,412,1,R,3238,R,4113,R,7624,R,9614,R,7351,R,17238,R,10862,R,13727,R,24589
109907,1,412,1,R,390,R,796,R,695,R,1171,R,1186,R,1866,R,1085,R,1967,R,3052
109934,1,412,1,R,71,R,131,Z,0,Z,0,R,202,Z,0,R,71,R,131,R,202
110097,1,412,1,R,1852,R,2804,R,800,R,653,R,4656,R,1453,R,2652,R,3457,R,6109
110219,1,412,1,R,432,R,651,Z,0,Z,0,R,1083,Z,0,R,432,R,651,R,1083
110246,1,412,1,R,2325,R,2473,R,2680,R,3394,R,4798,R,6074,R,5005,R,5867,R,10872
110334,1,412,1,R,1897,R,2105,R,3238,R,4081,R,4002,R,7319,R,5135,R,6186,R,11321
110361,1,412,1,R,3025,R,5335,R,667,R,1459,R,8360,R,2126,R,3692,R,6794,R,10486
110370,1,412,1,R,635,R,1075,R,42,R,53,R,1710,R,95,R,677,R,1128,R,1805
110398,1,412,1,R,397,R,574,R,11,R,20,R,971,R,31,R,408,R,594,R,1002
110404,1,412,1,R,1427,R,806,Z,0,Z,0,R,2233,Z,0,R,1427,R,806,R,2233
110413,1,412,1,R,1641,R,2320,R,177,R,245,R,3961,R,422,R,1818,R,2565,R,4383
110422,1,412,1,R,10753,R,10243,R,598,R,419,R,20996,R,1017,R,11351,R,10662,R,22013
110486,1,412,1,R,3310,R,5604,R,731,R,1171,R,8914,R,1902,R,4041,R,6775,R,10816
110495,1,412,1,R,2815,R,5922,R,668,R,1172,R,8737,R,1840,R,3483,R,7094,R,10577
110510,1,412,1,R,6634,R,10541,R,1239,R,1824,R,17175,R,3063,R,7873,R,12365,R,20238
110529,1,412,1,R,11897,R,10729,R,2272,R,1700,R,22626,R,3972,R,14169,R,12429,R,26598
110538,1,412,1,R,7369,R,8632,R,702,R,875,R,16001,R,1577,R,8071,R,9507,R,17578
110547,1,412,1,R,4400,R,7783,R,1614,R,2935,R,12183,R,4549,R,6014,R,10718,R,16732
110556,1,412,1,R,8459,R,12985,R,1631,R,2062,R,21444,R,3693,R,10090,R,15047,R,25137
110565,1,412,1,R,12865,R,17467,R,4365,R,5583,R,30332,R,9948,R,17230,R,23050,R,40280
110574,1,412,1,R,4534,R,7352,R,1526,R,2216,R,11886,R,3742,R,6060,R,9568,R,15628
110583,1,412,1,R,12992,R,18087,R,2830,R,3557,R,31079,R,6387,R,15822,R,21644,R,37466
110592,1,412,1,R,9484,R,13613,R,2150,R,2789,R,23097,R,4939,R,11634,R,16402,R,28036
110608,1,412,1,R,13917,R,17607,R,3869,R,4819,R,31524,R,8688,R,17786,R,22426,R,40212
110617,1,412,1,R,10988,R,14479,R,2947,R,3488,R,25467,R,6435,R,13935,R,17967,R,31902
110635,1,412,1,R,19053,R,20340,R,1813,R,1295,R,39393,R,3108,R,20866,R,21635,R,42501
110644,1,412,1,R,14932,R,21987,R,607,R,641,R,36919,R,1248,R,15539,R,22628,R,38167
110653,1,412,1,R,17336,R,17864,R,462,R,370,R,35200,R,832,R,17798,R,18234,R,36032
110662,1,412,1,R,19129,R,23766,R,1068,R,574,R,42895,R,1642,R,20197,R,24340,R,44537
110671,1,412,1,R,10966,R,12336,R,361,R,259,R,23302,R,620,R,11327,R,12595,R,23922
110680,1,412,1,R,19013,R,17577,R,793,R,504,R,36590,R,1297,R,19806,R,18081,R,37887
110699,1,412,1,R,1148,R,1936,R,9,R,21,R,3084,R,30,R,1157,R,1957,R,3114
110705,1,412,1,R,11781,R,13539,R,367,R,289,R,25320,R,656,R,12148,R,13828,R,25976
110714,1,412,1,R,9891,R,9202,R,354,R,253,R,19093,R,607,R,10245,R,9455,R,19700
110778,1,412,1,R,59,R,82,R,491,R,582,R,141,R,1073,R,550,R,664,R,1214
111081,1,412,1,R,653,R,834,R,11,R,8,R,1487,R,19,R,664,R,842,R,1506
111188,1,412,1,R,814,R,161,R,58,R,13,R,975,R,71,R,872,R,174,R,1046
111434,1,412,1,R,461,R,538,R,1807,R,3181,R,999,R,4988,R,2268,R,3719,R,5987
111461,1,412,1,R,3098,R,2977,R,8182,R,6593,R,6075,R,14775,R,11280,R,9570,R,20850
111887,1,412,1,R,3108,R,3458,R,7468,R,7711,R,6566,R,15179,R,10576,R,11169,R,21745
111896,1,412,1,R,478,R,466,R,2223,R,2907,R,944,R,5130,R,2701,R,3373,R,6074
111939,1,412,1,R,2844,R,3526,R,6575,R,10024,R,6370,R,16599,R,9419,R,13550,R,22969
111948,1,412,1,R,3360,R,5238,R,445,R,565,R,8598,R,1010,R,3805,R,5803,R,9608
111966,1,412,1,R,149,R,372,R,16,R,59,R,521,R,75,R,165,R,431,R,596
112075,1,412,1,R,1191,R,2190,R,453,R,328,R,3381,R,781,R,1644,R,2518,R,4162
112084,1,412,1,R,243,R,248,R,11,R,23,R,491,R,34,R,254,R,271,R,525
112172,1,412,1,R,2577,R,2839,R,3434,R,4286,R,5416,R,7720,R,6011,R,7125,R,13136
112181,1,412,1,R,2,R,84,Z,0,Z,0,R,86,Z,0,R,2,R,84,R,86
112190,1,412,1,R,4095,R,3993,R,8528,R,10392,R,8088,R,18920,R,12623,R,14385,R,27008
112251,1,412,1,R,564,R,755,R,242,R,321,R,1319,R,563,R,806,R,1076,R,1882
112260,1,412,1,R,690,R,634,R,2,R,1,R,1324,R,3,R,692,R,635,R,1327
112385,1,412,1,R,655,R,715,R,5713,R,3894,R,1370,R,9607,R,6368,R,4609,R,10977
112525,1,412,1,R,1488,R,2251,R,20,R,74,R,3739,R,94,R,1508,R,2325,R,3833
112561,1,412,1,R,299,R,400,R,817,R,980,R,699,R,1797,R,1116,R,1380,R,2496
112686,1,412,1,R,549,R,779,R,1977,R,3741,R,1328,R,5718,R,2526,R,4520,R,7046
112826,1,412,1,R,819,R,1102,R,2009,R,3263,R,1921,R,5272,R,2828,R,4365,R,7193
113096,1,412,1,R,1792,R,1957,R,4436,R,6008,R,3749,R,10444,R,6228,R,7965,R,14193
113111,1,412,1,R,946,R,1069,R,1993,R,2544,R,2015,R,4537,R,2939,R,3613,R,6552
113193,1,412,1,R,1542,R,1648,R,3876,R,3958,R,3190,R,7834,R,5418,R,5606,R,11024
113218,1,412,1,R,1043,R,1198,R,2874,R,3709,R,2241,R,6583,R,3917,R,4907,R,8824
113333,1,412,1,R,4983,R,4227,R,4925,R,5347,R,9210,R,10272,R,9908,R,9574,R,19482
113537,1,412,1,R,11,R,19,Z,0,Z,0,R,30,Z,0,R,11,R,19,R,30
113573,1,412,1,R,2097,R,2480,R,2930,R,3905,R,4577,R,6835,R,5027,R,6385,R,11412
113582,1,412,1,R,5,R,54,R,5,R,34,R,59,R,39,R,10,R,88,R,98
113634,1,412,1,R,3967,R,3473,R,5845,R,6986,R,7440,R,12831,R,9812,R,10459,R,20271
113698,1,412,1,R,340,R,1090,R,121,R,228,R,1430,R,349,R,461,R,1318,R,1779
113704,1,412,1,R,34,R,4,R,16,R,3,R,38,R,19,R,50,R,7,R,57
113856,1,412,1,R,3605,R,4205,R,14294,R,13299,R,7810,R,27593,R,17899,R,17504,R,35403
113980,1,412,1,R,3930,R,3852,R,8250,R,8788,R,7782,R,17038,R,12180,R,12640,R,24820
114123,1,412,1,R,82,R,293,R,2,R,23,R,375,R,25,R,84,R,316,R,400
114266,1,412,1,R,1430,R,1708,R,2873,R,3587,R,3138,R,6460,R,4303,R,5295,R,9598
114354,1,412,1,R,283,R,1724,R,26,R,188,R,2007,R,214,R,309,R,1912,R,2221
114390,1,412,1,R,28,R,141,R,4,R,45,R,169,R,49,R,32,R,186,R,218
114415,1,412,1,R,7,R,52,R,1,R,4,R,59,R,5,R,8,R,56,R,64
114433,1,412,1,R,271,R,283,R,812,R,850,R,554,R,1662,R,1083,R,1133,R,2216
114549,1,412,1,R,188,R,637,R,48,R,116,R,825,R,164,R,236,R,753,R,989
114716,1,412,1,R,2206,R,2166,R,5318,R,5042,R,4372,R,10360,R,7524,R,7208,R,14732
114761,1,412,1,R,3,R,54,Z,0,Z,0,R,57,Z,0,R,3,R,54,R,57
114789,1,412,1,R,3460,R,4259,R,7628,R,9019,R,7719,R,16647,R,11088,R,13278,R,24366
114859,1,412,1,R,3537,R,3688,R,7167,R,8252,R,7225,R,15419,R,10704,R,11940,R,22644
114938,1,412,1,R,836,R,939,R,1818,R,2056,R,1775,R,3874,R,2654,R,2995,R,5649
115001,1,412,1,R,3024,R,3495,R,3220,R,4153,R,6519,R,7373,R,6244,R,7648,R,13892
115126,1,412,1,R,1773,R,1926,R,3482,R,4440,R,3699,R,7922,R,5255,R,6366,R,11621
115296,1,412,1,R,2799,R,3363,R,4649,R,7024,R,6162,R,11673,R,7448,R,10387,R,17835
115393,1,412,1,R,1610,R,1883,R,5015,R,4013,R,3493,R,9028,R,6625,R,5896,R,12521
115755,1,412,1,R,3011,R,4137,R,372,R,452,R,7148,R,824,R,3383,R,4589,R,7972
115861,1,412,1,R,1767,R,2335,R,1893,R,2345,R,4102,R,4238,R,3660,R,4680,R,8340
116439,1,412,1,R,2547,R,2284,R,3919,R,4302,R,4831,R,8221,R,6466,R,6586,R,13052
116563,1,412,1,R,4,R,155,Z,0,Z,0,R,159,Z,0,R,4,R,155,R,159
117052,1,412,1,R,1548,R,1771,R,2887,R,4983,R,3319,R,7870,R,4435,R,6754,R,11189
117104,1,412,1,R,259,R,271,R,45,R,44,R,530,R,89,R,304,R,315,R,619
117195,1,412,1,R,321,R,310,R,937,R,836,R,631,R,1773,R,1258,R,1146,R,2404
117238,1,412,1,R,30,R,98,Z,0,Z,0,R,128,Z,0,R,30,R,98,R,128
117247,1,412,1,R,1294,R,1319,R,3464,R,4327,R,2613,R,7791,R,4758,R,5646,R,10404
117274,1,412,1,R,286,R,253,R,1854,R,267,R,539,R,2121,R,2140,R,520,R,2660
117520,1,412,1,R,316,R,259,R,42,R,20,R,575,R,62,R,358,R,279,R,637
117645,1,412,1,R,4040,R,4714,R,6551,R,8540,R,8754,R,15091,R,10591,R,13254,R,23845
117672,1,412,1,R,348,R,311,R,150,R,402,R,659,R,552,R,498,R,713,R,1211
117690,1,412,1,R,1170,R,1375,R,2436,R,3723,R,2545,R,6159,R,3606,R,5098,R,8704
117706,1,412,1,R,2495,R,2868,R,5475,R,6826,R,5363,R,12301,R,7970,R,9694,R,17664
117715,1,412,1,R,465,R,872,R,1311,R,3030,R,1337,R,4341,R,1776,R,3902,R,5678
117724,1,412,1,R,1770,R,1417,R,5215,R,4955,R,3187,R,10170,R,6985,R,6372,R,13357
117733,1,412,1,R,1810,R,2305,R,5206,R,6873,R,4115,R,12079,R,7016,R,9178,R,16194
117751,1,412,1,R,601,R,502,R,696,R,258,R,1103,R,954,R,1297,R,760,R,2057
117788,1,412,1,R,1766,R,2169,R,4144,R,5830,R,3935,R,9974,R,5910,R,7999,R,13909
117867,1,412,1,R,958,R,1236,R,2996,R,4692,R,2194,R,7688,R,3954,R,5928,R,9882
117894,1,412,1,R,1423,R,1690,R,2875,R,3759,R,3113,R,6634,R,4298,R,5449,R,9747
117946,1,412,1,R,3734,R,5016,R,446,R,642,R,8750,R,1088,R,4180,R,5658,R,9838
118189,1,412,1,R,6,R,74,Z,0,Z,0,R,80,Z,0,R,6,R,74,R,80
118347,1,412,1,R,659,R,686,R,1464,R,2217,R,1345,R,3681,R,2123,R,2903,R,5026
118684,1,412,1,R,466,R,555,R,1034,R,1843,R,1021,R,2877,R,1500,R,2398,R,3898
118718,1,412,1,R,2036,R,2707,R,2451,R,3801,R,4743,R,6252,R,4487,R,6508,R,10995
118888,1,412,1,R,82,R,990,R,32,R,153,R,1072,R,185,R,114,R,1143,R,1257
118912,1,412,1,R,2283,R,2779,R,3507,R,5151,R,5062,R,8658,R,5790,R,7930,R,13720
118930,1,412,1,R,931,R,971,R,2637,R,3241,R,1902,R,5878,R,3568,R,4212,R,7780
118976,1,412,1,R,2357,R,3273,R,4785,R,7493,R,5630,R,12278,R,7142,R,10766,R,17908
119067,1,412,1,R,1146,R,1196,R,2565,R,3110,R,2342,R,5675,R,3711,R,4306,R,8017
119164,1,412,1,R,5147,R,5091,R,8783,R,10325,R,10238,R,19108,R,13930,R,15416,R,29346
119216,1,412,1,R,2366,R,3130,R,4016,R,6239,R,5496,R,10255,R,6382,R,9369,R,15751
119331,1,412,1,R,931,R,1075,R,1465,R,2032,R,2006,R,3497,R,2396,R,3107,R,5503
119605,1,412,1,R,2928,R,5106,R,3358,R,5538,R,8034,R,8896,R,6286,R,10644,R,16930
120184,1,412,1,R,266,R,556,R,175,R,495,R,822,R,670,R,441,R,1051,R,1492
120254,1,412,1,R,800,R,1107,R,15,R,8,R,1907,R,23,R,815,R,1115,R,1930
120290,1,412,1,R,1752,R,1652,R,2441,R,2990,R,3404,R,5431,R,4193,R,4642,R,8835
120342,1,412,1,R,4135,R,3671,R,6696,R,6620,R,7806,R,13316,R,10831,R,10291,R,21122
120403,1,412,1,R,381,R,744,R,6,R,13,R,1125,R,19,R,387,R,757,R,1144
120698,1,412,1,R,190,R,674,R,40,R,167,R,864,R,207,R,230,R,841,R,1071
120865,1,412,1,R,378,R,589,R,34,R,61,R,967,R,95,R,412,R,650,R,1062
120953,1,412,1,R,278,R,163,R,3205,R,472,R,441,R,3677,R,3483,R,635,R,4118
120971,1,412,1,R,3934,R,3748,R,8669,R,7566,R,7682,R,16235,R,12603,R,11314,R,23917
121044,1,412,1,R,5219,R,5197,R,7573,R,8873,R,10416,R,16446,R,12792,R,14070,R,26862
121150,1,412,1,R,2241,R,3404,R,791,R,1525,R,5645,R,2316,R,3032,R,4929,R,7961
121275,1,412,1,R,93,R,52,Z,0,Z,0,R,145,Z,0,R,93,R,52,R,145
121309,1,412,1,R,1071,R,2035,R,449,R,1037,R,3106,R,1486,R,1520,R,3072,R,4592
121345,1,412,1,R,756,R,803,R,13,R,1,R,1559,R,14,R,769,R,804,R,1573
121363,1,412,1,R,732,R,1096,R,884,R,1573,R,1828,R,2457,R,1616,R,2669,R,4285
121619,1,412,1,R,2561,R,2722,R,14320,R,8822,R,5283,R,23142,R,16881,R,11544,R,28425
121628,1,412,1,R,58,R,52,Z,0,Z,0,R,110,Z,0,R,58,R,52,R,110
121691,1,412,1,R,1533,R,2324,R,355,R,386,R,3857,R,741,R,1888,R,2710,R,4598
121707,1,412,1,R,807,R,918,R,1314,R,1533,R,1725,R,2847,R,2121,R,2451,R,4572
121886,1,412,1,R,2224,R,2406,R,9139,R,6228,R,4630,R,15367,R,11363,R,8634,R,19997
121901,1,412,1,R,2664,R,3546,R,6388,R,8694,R,6210,R,15082,R,9052,R,12240,R,21292
121992,1,412,1,R,18,R,164,R,0,R,33,R,182,R,33,R,18,R,197,R,215
122180,1,412,1,R,2361,R,2957,R,6433,R,9628,R,5318,R,16061,R,8794,R,12585,R,21379
122205,1,412,1,R,2782,R,2749,R,5783,R,8107,R,5531,R,13890,R,8565,R,10856,R,19421
122339,1,412,1,R,1393,R,1672,R,5439,R,6562,R,3065,R,12001,R,6832,R,8234,R,15066
122375,1,412,1,R,2601,R,2747,R,7577,R,9359,R,5348,R,16936,R,10178,R,12106,R,22284
122384,1,412,1,R,1640,R,1129,R,6723,R,6401,R,2769,R,13124,R,8363,R,7530,R,15893
122409,1,412,1,R,13383,R,17068,R,2291,R,2561,R,30451,R,4852,R,15674,R,19629,R,35303
122436,1,412,1,R,3149,R,4200,R,768,R,956,R,7349,R,1724,R,3917,R,5156,R,9073
122454,1,412,1,R,127,R,223,R,13,R,18,R,350,R,31,R,140,R,241,R,381
122597,1,412,1,R,10191,R,13995,R,2657,R,2935,R,24186,R,5592,R,12848,R,16930,R,29778
122612,1,412,1,R,3543,R,6245,R,326,R,599,R,9788,R,925,R,3869,R,6844,R,10713
122658,1,412,1,R,2797,R,3499,R,4776,R,7137,R,6296,R,11913,R,7573,R,10636,R,18209
122746,1,412,1,R,942,R,1220,R,3187,R,3921,R,2162,R,7108,R,4129,R,5141,R,9270
122755,1,412,1,R,13309,R,13952,R,3687,R,4452,R,27261,R,8139,R,16996,R,18404,R,35400
122791,1,412,1,R,1386,R,977,R,3163,R,3398,R,2363,R,6561,R,4549,R,4375,R,8924
122931,1,412,1,R,3740,R,3829,R,516,R,557,R,7569,R,1073,R,4256,R,4386,R,8642
122977,1,412,1,R,5332,R,5703,R,7926,R,9839,R,11035,R,17765,R,13258,R,15542,R,28800
123013,1,412,1,R,2828,R,3172,R,6161,R,7839,R,6000,R,14000,R,8989,R,11011,R,20000
123165,1,412,1,R,9,R,1054,R,1,R,7,R,1063,R,8,R,10,R,1061,R,1071
123217,1,412,1,R,2261,R,2839,R,3072,R,4385,R,5100,R,7457,R,5333,R,7224,R,12557
123299,1,412,1,R,1396,R,1890,R,2277,R,3542,R,3286,R,5819,R,3673,R,5432,R,9105
123341,1,412,1,R,3025,R,3478,R,5233,R,6578,R,6503,R,11811,R,8258,R,10056,R,18314
123457,1,412,1,R,250,R,397,R,86,R,101,R,647,R,187,R,336,R,498,R,834
123484,1,412,1,R,403,R,374,R,362,R,538,R,777,R,900,R,765,R,912,R,1677
123509,1,412,1,R,1229,R,1128,R,2989,R,3668,R,2357,R,6657,R,4218,R,4796,R,9014
123527,1,412,1,R,1744,R,2202,R,3990,R,5901,R,3946,R,9891,R,5734,R,8103,R,13837
123554,1,412,1,R,1311,R,1885,R,195,R,490,R,3196,R,685,R,1506,R,2375,R,3881
123563,1,412,1,R,1100,R,1589,R,2794,R,3895,R,2689,R,6689,R,3894,R,5484,R,9378
123572,1,412,1,R,3116,R,5176,R,479,R,688,R,8292,R,1167,R,3595,R,5864,R,9459
123800,1,412,1,R,3257,R,3747,R,5364,R,6201,R,7004,R,11565,R,8621,R,9948,R,18569
123855,1,412,1,R,101,R,0,R,2,R,3,R,101,R,5,R,103,R,3,R,106
123943,1,412,1,R,232,R,449,Z,0,Z,0,R,681,Z,0,R,232,R,449,R,681
123961,1,412,1,R,18963,R,21989,R,2940,R,3418,R,40952,R,6358,R,21903,R,25407,R,47310
124113,1,412,1,R,456,R,943,R,3033,R,1723,R,1399,R,4756,R,3489,R,2666,R,6155
124283,1,412,1,R,87,R,71,R,129,R,98,R,158,R,227,R,216,R,169,R,385
124487,1,412,1,R,21,R,27,R,36,R,71,R,48,R,107,R,57,R,98,R,155
125170,1,412,1,R,822,R,826,R,1947,R,2458,R,1648,R,4405,R,2769,R,3284,R,6053
125231,1,412,1,R,4234,R,16843,R,6367,R,22916,R,21077,R,29283,R,10601,R,39759,R,50360
125462,1,412,1,R,478,R,503,R,1523,R,2119,R,981,R,3642,R,2001,R,2622,R,4623
125471,1,412,1,R,1229,R,1435,R,3424,R,5655,R,2664,R,9079,R,4653,R,7090,R,11743
125718,1,412,1,R,94,R,9,R,23,R,1,R,103,R,24,R,117,R,10,R,127
125727,1,412,1,R,491,R,775,R,3,R,8,R,1266,R,11,R,494,R,783,R,1277
125763,1,412,1,R,736,R,1043,R,26,R,47,R,1779,R,73,R,762,R,1090,R,1852
125897,1,412,1,R,529,R,572,R,36,R,36,R,1101,R,72,R,565,R,608,R,1173
126030,1,412,1,R,129,R,145,R,68,R,77,R,274,R,145,R,197,R,222,R,419
126119,1,412,1,R,983,R,1305,R,1303,R,2343,R,2288,R,3646,R,2286,R,3648,R,5934
126182,1,412,1,R,878,R,1000,R,591,R,641,R,1878,R,1232,R,1469,R,1641,R,3110
126207,1,412,1,R,1033,R,1124,R,1632,R,2461,R,2157,R,4093,R,2665,R,3585,R,6250
126289,1,412,1,R,896,R,991,R,5019,R,4638,R,1887,R,9657,R,5915,R,5629,R,11544
126562,1,412,1,R,5822,R,7360,R,4991,R,7472,R,13182,R,12463,R,10813,R,14832,R,25645
126580,1,412,1,R,4245,R,4470,R,1929,R,2479,R,8715,R,4408,R,6174,R,6949,R,13123
126605,1,412,1,R,320,R,19,Z,0,Z,0,R,339,Z,0,R,320,R,19,R,339
126711,1,412,1,R,817,R,862,R,1611,R,2398,R,1679,R,4009,R,2428,R,3260,R,5688
126748,1,412,1,R,182,R,302,R,273,R,397,R,484,R,670,R,455,R,699,R,1154
126775,1,412,1,R,4068,R,1733,R,343,R,181,R,5801,R,524,R,4411,R,1914,R,6325
126818,1,412,1,R,11984,R,13617,R,3906,R,3971,R,25601,R,7877,R,15890,R,17588,R,33478
126827,1,412,1,R,6822,R,11392,R,2840,R,5130,R,18214,R,7970,R,9662,R,16522,R,26184
126863,1,412,1,R,674,R,765,R,2675,R,3867,R,1439,R,6542,R,3349,R,4632,R,7981
126915,1,412,1,R,31,R,81,R,21,R,49,R,112,R,70,R,52,R,130,R,182
126942,1,412,1,R,1004,R,1338,R,2207,R,3338,R,2342,R,5545,R,3211,R,4676,R,7887
126951,1,412,1,R,1225,R,78,Z,0,Z,0,R,1303,Z,0,R,1225,R,78,R,1303
126979,1,412,1,R,206,R,156,R,284,R,239,R,362,R,523,R,490,R,395,R,885
127060,1,412,1,R,3509,R,5019,R,1504,R,1920,R,8528,R,3424,R,5013,R,6939,R,11952
127185,1,412,1,R,1387,R,1509,R,209,R,214,R,2896,R,423,R,1596,R,1723,R,3319
127200,1,412,1,R,2388,R,2611,R,5829,R,8052,R,4999,R,13881,R,8217,R,10663,R,18880
127273,1,412,1,R,51,R,87,R,56,R,69,R,138,R,125,R,107,R,156,R,263
127316,1,412,1,R,12,R,103,R,20,R,141,R,115,R,161,R,32,R,244,R,276
127389,1,412,1,R,186,R,191,R,143,R,234,R,377,R,377,R,329,R,425,R,754
127556,1,412,1,R,3355,R,3753,R,1031,R,1353,R,7108,R,2384,R,4386,R,5106,R,9492
127565,1,412,1,R,6057,R,7125,R,3200,R,3810,R,13182,R,7010,R,9257,R,10935,R,20192
127617,1,412,1,R,108,R,198,R,359,R,563,R,306,R,922,R,467,R,761,R,1228
127653,1,412,1,R,218,R,549,R,55,R,131,R,767,R,186,R,273,R,680,R,953
127732,1,412,1,R,433,R,418,R,216,R,425,R,851,R,641,R,649,R,843,R,1492
127741,1,412,1,R,3194,R,5909,R,1133,R,3201,R,9103,R,4334,R,4327,R,9110,R,13437
127778,1,412,1,R,305,R,273,R,251,R,433,R,578,R,684,R,556,R,706,R,1262
127820,1,412,1,R,2223,R,2693,R,3324,R,4964,R,4916,R,8288,R,5547,R,7657,R,13204
127884,1,412,1,R,985,R,1029,R,1744,R,2439,R,2014,R,4183,R,2729,R,3468,R,6197
127909,1,412,1,R,1424,R,1053,R,2281,R,2626,R,2477,R,4907,R,3705,R,3679,R,7384
127918,1,412,1,R,1782,R,3304,R,1181,R,1640,R,5086,R,2821,R,2963,R,4944,R,7907
128106,1,412,1,R,1643,R,1883,R,938,R,2272,R,3526,R,3210,R,2581,R,4155,R,6736
128258,1,412,1,R,318,R,364,R,307,R,553,R,682,R,860,R,625,R,917,R,1542
128337,1,412,1,R,4,R,55,R,3,R,39,R,59,R,42,R,7,R,94,R,101
128391,1,412,1,R,1220,R,925,R,389,R,500,R,2145,R,889,R,1609,R,1425,R,3034
128498,1,412,1,R,373,R,809,R,68,R,206,R,1182,R,274,R,441,R,1015,R,1456
128577,1,412,1,R,377,R,244,R,626,R,611,R,621,R,1237,R,1003,R,855,R,1858
128744,1,412,1,R,1372,R,2032,R,658,R,1423,R,3404,R,2081,R,2030,R,3455,R,5485
128771,1,412,1,R,4199,R,3968,R,1709,R,1946,R,8167,R,3655,R,5908,R,5914,R,11822
128780,1,412,1,R,95,R,208,R,423,R,915,R,303,R,1338,R,518,R,1123,R,1641
128902,1,412,1,R,688,R,1110,R,26,R,20,R,1798,R,46,R,714,R,1130,R,1844
129020,1,412,1,R,11677,R,12504,R,1648,R,1583,R,24181,R,3231,R,13325,R,14087,R,27412
129154,1,412,1,R,132,R,284,R,545,R,2436,R,416,R,2981,R,677,R,2720,R,3397
129181,1,412,1,R,614,R,51,R,229,R,19,R,665,R,248,R,843,R,70,R,913
129215,1,412,1,R,1813,R,2518,R,337,R,540,R,4331,R,877,R,2150,R,3058,R,5208
129242,1,412,1,R,1751,R,2710,R,254,R,558,R,4461,R,812,R,2005,R,3268,R,5273
129349,1,412,1,R,4,R,141,R,3,R,45,R,145,R,48,R,7,R,186,R,193
129367,1,412,1,R,225,R,429,R,720,R,1916,R,654,R,2636,R,945,R,2345,R,3290
129428,1,412,1,Z,0,Z,0,R,60,R,7,Z,0,R,67,R,60,R,7,R,67
129491,1,412,1,R,27,R,14,R,33,R,64,R,41,R,97,R,60,R,78,R,138
129525,1,412,1,R,2478,R,2635,R,689,R,968,R,5113,R,1657,R,3167,R,3603,R,6770
129534,1,412,1,R,151,R,77,R,189,R,129,R,228,R,318,R,340,R,206,R,546
129543,1,412,1,R,714,R,970,R,1155,R,2173,R,1684,R,3328,R,1869,R,3143,R,5012
129695,1,412,1,R,951,R,1053,R,1758,R,2241,R,2004,R,3999,R,2709,R,3294,R,6003
129729,1,412,1,R,1057,R,1124,R,1576,R,2480,R,2181,R,4056,R,2633,R,3604,R,6237
129756,1,412,1,R,429,R,456,R,635,R,1027,R,885,R,1662,R,1064,R,1483,R,2547
129774,1,412,1,R,317,R,236,R,67,R,45,R,553,R,112,R,384,R,281,R,665
129808,1,412,1,R,570,R,704,R,1014,R,1709,R,1274,R,2723,R,1584,R,2413,R,3997
129923,1,412,1,R,141,R,198,R,64,R,98,R,339,R,162,R,205,R,296,R,501
129941,1,412,1,R,2740,R,3167,R,515,R,445,R,5907,R,960,R,3255,R,3612,R,6867
130004,1,412,1,R,864,R,873,R,1482,R,2194,R,1737,R,3676,R,2346,R,3067,R,5413
130040,1,412,1,R,154,R,225,R,288,R,632,R,379,R,920,R,442,R,857,R,1299
130110,1,412,1,R,13,R,43,R,9,R,18,R,56,R,27,R,22,R,61,R,83
130217,1,412,1,R,220,R,257,R,348,R,510,R,477,R,858,R,568,R,767,R,1335
130226,1,412,1,R,3334,R,5290,R,501,R,1082,R,8624,R,1583,R,3835,R,6372,R,10207
130253,1,412,1,R,2264,R,4061,R,573,R,2060,R,6325,R,2633,R,2837,R,6121,R,8958
130314,1,412,1,R,222,R,1116,R,167,R,960,R,1338,R,1127,R,389,R,2076,R,2465
130396,1,412,1,R,1030,R,1039,R,1831,R,3116,R,2069,R,4947,R,2861,R,4155,R,7016
130590,1,412,1,R,1065,R,1051,R,57,R,62,R,2116,R,119,R,1122,R,1113,R,2235
130606,1,412,1,R,727,R,806,R,981,R,1388,R,1533,R,2369,R,1708,R,2194,R,3902
130624,1,412,1,R,686,R,385,Z,0,Z,0,R,1071,Z,0,R,686,R,385,R,1071
130697,1,412,1,R,1373,R,1679,R,77,R,88,R,3052,R,165,R,1450,R,1767,R,3217
130776,1,412,1,R,2012,R,2169,R,563,R,898,R,4181,R,1461,R,2575,R,3067,R,5642
130794,1,412,1,R,6486,R,6817,R,72,R,58,R,13303,R,130,R,6558,R,6875,R,13433
130873,1,412,1,R,15,R,113,Z,0,Z,0,R,128,Z,0,R,15,R,113,R,128
130934,1,412,1,R,1346,R,2674,R,222,R,344,R,4020,R,566,R,1568,R,3018,R,4586
130943,1,412,1,R,9449,R,12249,R,1139,R,1283,R,21698,R,2422,R,10588,R,13532,R,24120
131098,1,412,1,R,538,R,705,R,46,R,62,R,1243,R,108,R,584,R,767,R,1351
131159,1,412,1,R,4330,R,7105,R,1150,R,1726,R,11435,R,2876,R,5480,R,8831,R,14311
131399,1,412,1,R,996,R,1114,R,795,R,1339,R,2110,R,2134,R,1791,R,2453,R,4244
131450,1,412,1,R,564,R,777,R,74,R,142,R,1341,R,216,R,638,R,919,R,1557
131469,1,412,1,R,7722,R,11377,R,3510,R,5563,R,19099,R,9073,R,11232,R,16940,R,28172
131496,1,412,1,R,6680,R,8061,R,2077,R,2386,R,14741,R,4463,R,8757,R,10447,R,19204
131520,1,412,1,R,2736,R,5764,R,259,R,380,R,8500,R,639,R,2995,R,6144,R,9139
131803,1,412,1,R,83,R,70,R,238,R,537,R,153,R,775,R,321,R,607,R,928
132471,1,412,1,R,1824,R,3302,R,639,R,1421,R,5126,R,2060,R,2463,R,4723,R,7186
132602,1,412,1,R,1349,R,2259,R,68,R,97,R,3608,R,165,R,1417,R,2356,R,3773
132657,1,412,1,R,1238,R,1278,R,281,R,296,R,2516,R,577,R,1519,R,1574,R,3093
132693,1,412,1,R,2438,R,2882,R,3891,R,6609,R,5320,R,10500,R,6329,R,9491,R,15820
132709,1,412,1,R,5108,R,6641,R,11371,R,17664,R,11749,R,29035,R,16479,R,24305,R,40784
132851,1,412,1,R,1251,R,1765,R,1309,R,2495,R,3016,R,3804,R,2560,R,4260,R,6820
132879,1,412,1,R,115,R,77,R,11,R,1,R,192,R,12,R,126,R,78,R,204
132903,1,412,1,R,21347,R,25228,R,9487,R,12413,R,46575,R,21900,R,30834,R,37641,R,68475
133021,1,412,1,R,388,R,488,R,427,R,778,R,876,R,1205,R,815,R,1266,R,2081
133386,1,412,1,R,2352,R,3014,R,3003,R,5368,R,5366,R,8371,R,5355,R,8382,R,13737
133492,1,412,1,R,647,R,1293,R,26,R,40,R,1940,R,66,R,673,R,1333,R,2006
133508,1,412,1,R,2356,R,3716,R,3711,R,6773,R,6072,R,10484,R,6067,R,10489,R,16556
133553,1,412,1,R,4718,R,1415,R,361,R,119,R,6133,R,480,R,5079,R,1534,R,6613
133650,1,412,1,R,2979,R,5601,R,581,R,860,R,8580,R,1441,R,3560,R,6461,R,10021
133702,1,412,1,R,2974,R,4377,R,5820,R,10242,R,7351,R,16062,R,8794,R,14619,R,23413
133711,1,412,1,R,847,R,1708,R,26,R,27,R,2555,R,53,R,873,R,1735,R,2608
133872,1,412,1,R,179,R,652,R,184,R,690,R,831,R,874,R,363,R,1342,R,1705
133881,1,412,1,R,2942,R,1577,R,1180,R,572,R,4519,R,1752,R,4122,R,2149,R,6271
133960,1,412,1,R,202,R,169,R,197,R,294,R,371,R,491,R,399,R,463,R,862
134079,1,412,1,R,985,R,1855,R,75,R,239,R,2840,R,314,R,1060,R,2094,R,3154
134097,1,412,1,R,14935,R,19800,R,2837,R,3433,R,34735,R,6270,R,17772,R,23233,R,41005
134130,1,412,1,R,19481,R,24654,R,3612,R,4471,R,44135,R,8083,R,23093,R,29125,R,52218
134343,1,412,1,R,718,R,1168,R,1452,R,2306,R,1886,R,3758,R,2170,R,3474,R,5644
134495,1,412,1,R,5194,R,5429,R,4760,R,7800,R,10623,R,12560,R,9954,R,13229,R,23183
134945,1,412,1,R,1140,R,1562,R,361,R,1150,R,2702,R,1511,R,1501,R,2712,R,4213
135160,1,412,1,R,450,R,768,R,743,R,1424,R,1218,R,2167,R,1193,R,2192,R,3385
135188,1,412,1,R,663,R,1008,R,1164,R,1977,R,1671,R,3141,R,1827,R,2985,R,4812
135391,1,412,1,R,1599,R,2208,R,2226,R,4196,R,3807,R,6422,R,3825,R,6404,R,10229
135610,1,412,1,R,22,R,50,R,58,R,93,R,72,R,151,R,80,R,143,R,223
135717,1,412,1,R,9699,R,12593,R,13711,R,18970,R,22292,R,32681,R,23410,R,31563,R,54973
135726,1,412,1,R,7591,R,8313,R,589,R,838,R,15904,R,1427,R,8180,R,9151,R,17331
136109,1,412,1,R,4,R,96,R,6,R,82,R,100,R,88,R,10,R,178,R,188
136145,1,412,1,R,137,R,232,R,271,R,589,R,369,R,860,R,408,R,821,R,1229
136172,1,412,1,R,4870,R,6526,R,2243,R,3137,R,11396,R,5380,R,7113,R,9663,R,16776
136233,1,412,1,R,1025,R,1399,R,1193,R,1880,R,2424,R,3073,R,2218,R,3279,R,5497
136358,1,412,1,R,3803,R,4309,R,9463,R,14241,R,8112,R,23704,R,13266,R,18550,R,31816
136400,1,412,1,R,1706,R,2501,R,2699,R,4619,R,4207,R,7318,R,4405,R,7120,R,11525
136473,1,412,1,R,1581,R,2204,R,2104,R,3884,R,3785,R,5988,R,3685,R,6088,R,9773
136516,1,412,1,R,1375,R,2300,R,2311,R,4605,R,3675,R,6916,R,3686,R,6905,R,10591
136701,1,412,1,R,118,R,1,R,16,R,4,R,119,R,20,R,134,R,5,R,139
136774,1,412,1,R,466,R,1053,R,15,R,27,R,1519,R,42,R,481,R,1080,R,1561
136950,1,412,1,R,1127,R,1657,R,123,R,220,R,2784,R,343,R,1250,R,1877,R,3127
137032,1,412,1,R,3590,R,5577,R,1122,R,1519,R,9167,R,2641,R,4712,R,7096,R,11808
137078,1,412,1,R,3758,R,5000,R,7465,R,12960,R,8758,R,20425,R,11223,R,17960,R,29183
137096,1,412,1,R,2922,R,3113,R,3509,R,4780,R,6035,R,8289,R,6431,R,7893,R,14324
137209,1,412,1,R,2920,R,2853,R,4958,R,7373,R,5773,R,12331,R,7878,R,10226,R,18104
137281,1,412,1,R,787,R,1094,R,2045,R,3577,R,1881,R,5622,R,2832,R,4671,R,7503
137351,1,412,1,R,14209,R,17337,R,5352,R,6948,R,31546,R,12300,R,19561,R,24285,R,43846
137476,1,412,1,R,829,R,1213,R,950,R,1235,R,2042,R,2185,R,1779,R,2448,R,4227
137546,1,412,1,R,1790,R,2346,R,91,R,114,R,4136,R,205,R,1881,R,2460,R,4341
137564,1,412,1,R,2240,R,3100,R,1445,R,1970,R,5340,R,3415,R,3685,R,5070,R,8755
137591,1,412,1,R,79,R,276,Z,0,Z,0,R,355,Z,0,R,79,R,276,R,355
137759,1,412,1,R,2974,R,2948,R,2478,R,3514,R,5922,R,5992,R,5452,R,6462,R,11914
137847,1,412,1,R,3545,R,4925,R,345,R,518,R,8470,R,863,R,3890,R,5443,R,9333
138187,1,412,1,R,7133,R,8968,R,12462,R,17958,R,16101,R,30420,R,19595,R,26926,R,46521
138275,1,412,1,R,506,R,432,R,71,R,107,R,938,R,178,R,577,R,539,R,1116
138293,1,412,1,R,468,R,188,R,27,R,11,R,656,R,38,R,495,R,199,R,694
138309,1,412,1,R,842,R,4006,R,594,R,3318,R,4848,R,3912,R,1436,R,7324,R,8760
138354,1,412,1,R,3173,R,4009,R,1949,R,3716,R,7182,R,5665,R,5122,R,7725,R,12847
138558,1,412,1,R,1292,R,1368,R,571,R,1060,R,2660,R,1631,R,1863,R,2428,R,4291
138600,1,412,1,R,4,R,994,R,1,R,31,R,998,R,32,R,5,R,1025,R,1030
138682,1,412,1,R,386,R,827,R,642,R,1326,R,1213,R,1968,R,1028,R,2153,R,3181
138716,1,412,1,R,1248,R,3119,R,509,R,1495,R,4367,R,2004,R,1757,R,4614,R,6371
138822,1,412,1,R,22,R,408,Z,0,Z,0,R,430,Z,0,R,22,R,408,R,430
138840,1,412,1,R,554,R,749,R,663,R,1596,R,1303,R,2259,R,1217,R,2345,R,3562
138956,1,412,1,R,829,R,1018,R,1045,R,1517,R,1847,R,2562,R,1874,R,2535,R,4409
139144,1,412,1,R,744,R,1190,R,37,R,43,R,1934,R,80,R,781,R,1233,R,2014
139199,1,412,1,R,179,R,1349,R,177,R,1137,R,1528,R,1314,R,356,R,2486,R,2842
139205,1,412,1,R,257,R,197,R,207,R,165,R,454,R,372,R,464,R,362,R,826
139250,1,412,1,R,685,R,1393,R,443,R,1025,R,2078,R,1468,R,1128,R,2418,R,3546
139278,1,412,1,R,724,R,1079,R,1785,R,3596,R,1803,R,5381,R,2509,R,4675,R,7184
139311,1,412,1,R,1198,R,2815,R,933,R,2092,R,4013,R,3025,R,2131,R,4907,R,7038
139357,1,412,1,R,412,R,661,R,715,R,1513,R,1073,R,2228,R,1127,R,2174,R,3301
139366,1,412,1,R,2074,R,3078,R,1164,R,1760,R,5152,R,2924,R,3238,R,4838,R,8076
139384,1,412,1,R,623,R,1012,R,1555,R,2647,R,1635,R,4202,R,2178,R,3659,R,5837
139393,1,412,1,R,485,R,523,R,16,R,22,R,1008,R,38,R,501,R,545,R,1046
139463,1,412,1,R,1312,R,1878,R,760,R,1168,R,3190,R,1928,R,2072,R,3046,R,5118
139621,1,412,1,R,792,R,1207,R,378,R,565,R,1999,R,943,R,1170,R,1772,R,2942
139658,1,412,1,R,5151,R,7751,R,703,R,853,R,12902,R,1556,R,5854,R,8604,R,14458
139700,1,412,1,R,1188,R,1694,R,1187,R,2115,R,2882,R,3302,R,2375,R,3809,R,6184
139719,1,412,1,R,932,R,1432,R,117,R,295,R,2364,R,412,R,1049,R,1727,R,2776
139755,1,412,1,R,13306,R,7558,R,9430,R,2429,R,20864,R,11859,R,22736,R,9987,R,32723
139764,1,412,1,R,632,R,1299,R,319,R,657,R,1931,R,976,R,951,R,1956,R,2907
139861,1,412,1,R,2083,R,3638,R,448,R,820,R,5721,R,1268,R,2531,R,4458,R,6989
139931,1,412,1,R,9355,R,11488,R,2156,R,3409,R,20843,R,5565,R,11511,R,14897,R,26408
139940,1,412,1,R,10650,R,15507,R,3241,R,4918,R,26157,R,8159,R,13891,R,20425,R,34316
139959,1,412,1,R,14805,R,20125,R,1646,R,2076,R,34930,R,3722,R,16451,R,22201,R,38652
139968,1,412,1,R,805,R,1571,R,374,R,913,R,2376,R,1287,R,1179,R,2484,R,3663
139986,1,412,1,R,475,R,888,R,1044,R,2498,R,1363,R,3542,R,1519,R,3386,R,4905
140012,1,412,1,R,944,R,1020,R,2767,R,4393,R,1964,R,7160,R,3711,R,5413,R,9124
140146,1,412,1,R,77,R,36,R,100,R,80,R,113,R,180,R,177,R,116,R,293
140234,1,412,1,R,440,R,508,R,29,R,52,R,948,R,81,R,469,R,560,R,1029
140243,1,412,1,R,473,R,619,R,1256,R,1703,R,1092,R,2959,R,1729,R,2322,R,4051
140252,1,412,1,R,1219,R,1158,R,132,R,237,R,2377,R,369,R,1351,R,1395,R,2746
140331,1,412,1,R,1334,R,1498,R,3013,R,4638,R,2832,R,7651,R,4347,R,6136,R,10483
140553,1,412,1,R,2145,R,1,R,60,R,0,R,2146,R,60,R,2205,R,1,R,2206
140562,1,412,1,R,206,R,313,R,6,R,17,R,519,R,23,R,212,R,330,R,542
140678,1,412,1,R,411,R,497,R,594,R,1110,R,908,R,1704,R,1005,R,1607,R,2612
140696,1,412,1,R,512,R,700,R,29,R,23,R,1212,R,52,R,541,R,723,R,1264
140720,1,412,1,R,188,R,244,R,13,R,24,R,432,R,37,R,201,R,268,R,469
140872,1,412,1,R,685,R,664,R,124,R,93,R,1349,R,217,R,809,R,757,R,1566
140942,1,412,1,R,692,R,748,R,872,R,1505,R,1440,R,2377,R,1564,R,2253,R,3817
140951,1,412,1,R,3751,R,7900,R,867,R,1568,R,11651,R,2435,R,4618,R,9468,R,14086
140988,1,412,1,R,492,R,645,R,119,R,196,R,1137,R,315,R,611,R,841,R,1452
141006,1,412,1,R,525,R,483,R,457,R,618,R,1008,R,1075,R,982,R,1101,R,2083
141167,1,412,1,R,278,R,473,R,142,R,417,R,751,R,559,R,420,R,890,R,1310
141255,1,412,1,R,324,R,622,R,1544,R,2283,R,946,R,3827,R,1868,R,2905,R,4773
141264,1,412,1,R,2722,R,5004,R,1116,R,2369,R,7726,R,3485,R,3838,R,7373,R,11211
141334,1,412,1,R,3346,R,5993,R,1272,R,3122,R,9339,R,4394,R,4618,R,9115,R,13733
141565,1,412,1,R,947,R,1697,R,247,R,515,R,2644,R,762,R,1194,R,2212,R,3406
141574,1,412,1,R,5655,R,7674,R,1847,R,2534,R,13329,R,4381,R,7502,R,10208,R,17710
141644,1,412,1,R,964,R,1772,R,706,R,644,R,2736,R,1350,R,1670,R,2416,R,4086
141680,1,412,1,R,760,R,365,R,1343,R,1073,R,1125,R,2416,R,2103,R,1438,R,3541
141796,1,412,1,R,1096,R,1396,R,1660,R,2747,R,2492,R,4407,R,2756,R,4143,R,6899
141802,1,412,1,R,140,R,188,R,361,R,797,R,328,R,1158,R,501,R,985,R,1486
141811,1,412,1,R,1167,R,1419,R,1431,R,2692,R,2586,R,4123,R,2598,R,4111,R,6709
141839,1,412,1,R,356,R,643,R,618,R,1475,R,999,R,2093,R,974,R,2118,R,3092
141981,1,412,1,R,586,R,1125,R,438,R,979,R,1711,R,1417,R,1024,R,2104,R,3128
141990,1,412,1,R,261,R,416,R,655,R,1128,R,677,R,1783,R,916,R,1544,R,2460
142115,1,412,1,R,6220,R,7675,R,4626,R,6983,R,13895,R,11609,R,10846,R,14658,R,25504
142179,1,412,1,R,242,R,237,R,222,R,587,R,479,R,809,R,464,R,824,R,1288
142276,1,412,1,R,3331,R,4114,R,2055,R,2863,R,7445,R,4918,R,5386,R,6977,R,12363
142285,1,412,1,R,4429,R,4007,R,1630,R,1775,R,8436,R,3405,R,6059,R,5782,R,11841
142294,1,412,1,R,443,R,485,R,12,R,24,R,928,R,36,R,455,R,509,R,964
142328,1,412,1,R,868,R,1341,R,480,R,995,R,2209,R,1475,R,1348,R,2336,R,3684
142407,1,412,1,R,1,R,51,R,0,R,6,R,52,R,6,R,1,R,57,R,58
142443,1,412,1,R,969,R,1111,R,1063,R,2127,R,2080,R,3190,R,2032,R,3238,R,5270
142559,1,412,1,R,776,R,1161,R,1721,R,3248,R,1937,R,4969,R,2497,R,4409,R,6906
142832,1,412,1,R,162,R,748,R,104,R,382,R,910,R,486,R,266,R,1130,R,1396
142887,1,412,1,R,58,R,123,R,28,R,33,R,181,R,61,R,86,R,156,R,242
143084,1,412,1,R,1099,R,1435,R,5,R,4,R,2534,R,9,R,1104,R,1439,R,2543
143118,1,412,1,R,1396,R,2971,R,455,R,1183,R,4367,R,1638,R,1851,R,4154,R,6005
143215,1,412,1,R,1667,R,1884,R,2276,R,3014,R,3551,R,5290,R,3943,R,4898,R,8841
143233,1,412,1,R,9,R,5,R,17,R,16,R,14,R,33,R,26,R,21,R,47
143279,1,412,1,R,724,R,901,R,976,R,1732,R,1625,R,2708,R,1700,R,2633,R,4333
143288,1,412,1,R,220,R,328,R,6,R,12,R,548,R,18,R,226,R,340,R,566
143358,1,412,1,R,2329,R,2510,R,239,R,804,R,4839,R,1043,R,2568,R,3314,R,5882
143376,1,412,1,R,11,R,138,R,6,R,81,R,149,R,87,R,17,R,219,R,236
143543,1,412,1,R,3,R,35,R,0,R,20,R,38,R,20,R,3,R,55,R,58
143613,1,412,1,R,328,R,504,R,329,R,699,R,832,R,1028,R,657,R,1203,R,1860
143853,1,412,1,R,1183,R,1735,R,24,R,42,R,2918,R,66,R,1207,R,1777,R,2984
144005,1,412,1,R,639,R,1171,R,324,R,830,R,1810,R,1154,R,963,R,2001,R,2964
144050,1,412,1,R,8023,R,6943,R,1325,R,711,R,14966,R,2036,R,9348,R,7654,R,17002
144157,1,412,1,R,528,R,739,R,745,R,1124,R,1267,R,1869,R,1273,R,1863,R,3136
144166,1,412,1,R,735,R,2104,R,1130,R,3135,R,2839,R,4265,R,1865,R,5239,R,7104
144175,1,412,1,R,323,R,551,R,652,R,1137,R,874,R,1789,R,975,R,1688,R,2663
144184,1,412,1,R,914,R,1150,R,2275,R,3334,R,2064,R,5609,R,3189,R,4484,R,7673
144193,1,412,1,R,1349,R,1412,R,1654,R,2527,R,2761,R,4181,R,3003,R,3939,R,6942
144209,1,412,1,R,2052,R,2558,R,1619,R,2414,R,4610,R,4033,R,3671,R,4972,R,8643
144218,1,412,1,R,1710,R,1928,R,2598,R,3541,R,3638,R,6139,R,4308,R,5469,R,9777
144281,1,412,1,R,2621,R,3658,R,249,R,297,R,6279,R,546,R,2870,R,3955,R,6825
144564,1,412,1,R,390,R,576,R,717,R,937,R,966,R,1654,R,1107,R,1513,R,2620
144740,1,412,1,R,8311,R,9874,R,2137,R,2115,R,18185,R,4252,R,10448,R,11989,R,22437
144865,1,412,1,R,4103,R,3754,R,7471,R,9572,R,7857,R,17043,R,11574,R,13326,R,24900
144944,1,412,1,R,1597,R,1458,R,2798,R,3714,R,3055,R,6512,R,4395,R,5172,R,9567
144971,1,412,1,R,288,R,260,R,9,R,10,R,548,R,19,R,297,R,270,R,567
145099,1,412,1,R,14,R,270,Z,0,Z,0,R,284,Z,0,R,14,R,270,R,284
145275,1,412,1,R,87,R,86,R,52,R,59,R,173,R,111,R,139,R,145,R,284
145336,1,412,1,R,919,R,1598,R,752,R,1588,R,2517,R,2340,R,1671,R,3186,R,4857
145372,1,412,1,R,486,R,414,R,81,R,151,R,900,R,232,R,567,R,565,R,1132
145406,1,412,1,R,2,R,140,R,2,R,220,R,142,R,222,R,4,R,360,R,364
145497,1,412,1,R,26,R,49,R,8,R,84,R,75,R,92,R,34,R,133,R,167
145521,1,412,1,R,361,R,461,R,252,R,522,R,822,R,774,R,613,R,983,R,1596
145558,1,412,1,R,901,R,1087,R,34,R,99,R,1988,R,133,R,935,R,1186,R,2121
145600,1,412,1,R,12817,R,14300,R,1841,R,2725,R,27117,R,4566,R,14658,R,17025,R,31683
145619,1,412,1,R,1178,R,1559,R,664,R,1539,R,2737,R,2203,R,1842,R,3098,R,4940
145637,1,412,1,R,23211,R,20102,R,3696,R,2693,R,43313,R,6389,R,26907,R,22795,R,49702
145646,1,412,1,R,805,R,884,R,3,R,1,R,1689,R,4,R,808,R,885,R,1693
145682,1,412,1,R,1481,R,1528,R,2282,R,3584,R,3009,R,5866,R,3763,R,5112,R,8875
145691,1,412,1,R,480,R,496,R,1,R,6,R,976,R,7,R,481,R,502,R,983
145707,1,412,1,R,215,R,345,R,211,R,341,R,560,R,552,R,426,R,686,R,1112
145813,1,412,1,R,7954,R,10253,R,988,R,1440,R,18207,R,2428,R,8942,R,11693,R,20635
145831,1,412,1,R,502,R,593,R,734,R,1129,R,1095,R,1863,R,1236,R,1722,R,2958
146205,1,412,1,R,855,R,1039,R,718,R,1428,R,1894,R,2146,R,1573,R,2467,R,4040
146241,1,412,1,R,293,R,369,R,135,R,176,R,662,R,311,R,428,R,545,R,973
146278,1,412,1,R,398,R,498,R,373,R,655,R,896,R,1028,R,771,R,1153,R,1924
146296,1,412,1,R,2289,R,2396,R,4284,R,5757,R,4685,R,10041,R,6573,R,8153,R,14726
146339,1,412,1,R,376,R,429,R,110,R,341,R,805,R,451,R,486,R,770,R,1256
146348,1,412,1,R,462,R,533,R,619,R,1208,R,995,R,1827,R,1081,R,1741,R,2822
146366,1,412,1,R,488,R,741,R,737,R,1198,R,1229,R,1935,R,1225,R,1939,R,3164
146418,1,412,1,R,615,R,688,R,885,R,1119,R,1303,R,2004,R,1500,R,1807,R,3307
146427,1,412,1,R,570,R,740,R,9,R,14,R,1310,R,23,R,579,R,754,R,1333
146472,1,412,1,R,2184,R,1980,R,4217,R,5812,R,4164,R,10029,R,6401,R,7792,R,14193
146481,1,412,1,R,627,R,850,R,17,R,18,R,1477,R,35,R,644,R,868,R,1512
146490,1,412,1,Z,0,Z,0,R,185,R,208,Z,0,R,393,R,185,R,208,R,393
146506,1,412,1,R,954,R,1236,R,985,R,1408,R,2190,R,2393,R,1939,R,2644,R,4583
146533,1,412,1,R,23,R,112,R,10,R,23,R,135,R,33,R,33,R,135,R,168
146603,1,412,1,R,812,R,927,R,2166,R,2793,R,1739,R,4959,R,2978,R,3720,R,6698
146612,1,412,1,R,1901,R,2165,R,898,R,1476,R,4066,R,2374,R,2799,R,3641,R,6440
146676,1,412,1,R,350,R,358,R,80,R,180,R,708,R,260,R,430,R,538,R,968
146685,1,412,1,R,1036,R,1160,R,1212,R,2157,R,2196,R,3369,R,2248,R,3317,R,5565
146700,1,412,1,R,527,R,282,Z,0,Z,0,R,809,Z,0,R,527,R,282,R,809
146719,1,412,1,R,5076,R,9921,R,635,R,1375,R,14997,R,2010,R,5711,R,11296,R,17007
147004,1,412,1,R,1164,R,1005,R,2201,R,2661,R,2169,R,4862,R,3365,R,3666,R,7031
147013,1,412,1,R,868,R,923,R,212,R,491,R,1791,R,703,R,1080,R,1414,R,2494
147031,1,412,1,R,12,R,42,R,7,R,17,R,54,R,24,R,19,R,59,R,78
147129,1,412,1,R,43,R,298,R,38,R,313,R,341,R,351,R,81,R,611,R,692
147165,1,412,1,R,13,R,43,R,38,R,132,R,56,R,170,R,51,R,175,R,226
147244,1,412,1,R,851,R,1125,R,36,R,82,R,1976,R,118,R,887,R,1207,R,2094
147369,1,412,1,R,1144,R,1012,R,610,R,320,R,2156,R,930,R,1754,R,1332,R,3086
147378,1,412,1,R,2795,R,2812,R,3895,R,4260,R,5607,R,8155,R,6690,R,7072,R,13762
147411,1,412,1,R,558,R,646,R,1249,R,1898,R,1204,R,3147,R,1807,R,2544,R,4351
147590,1,412,1,R,257,R,336,R,23,R,39,R,593,R,62,R,280,R,375,R,655
147660,1,412,1,R,1242,R,1485,R,86,R,115,R,2727,R,201,R,1328,R,1600,R,2928
147679,1,412,1,R,724,R,1169,R,358,R,649,R,1893,R,1007,R,1082,R,1818,R,2900
147697,1,412,1,R,133,R,60,R,19,R,23,R,193,R,42,R,152,R,83,R,235
147776,1,412,1,R,1689,R,2278,R,1721,R,2415,R,3967,R,4136,R,3410,R,4693,R,8103
147800,1,412,1,R,1394,R,1144,R,2710,R,3206,R,2538,R,5916,R,4104,R,4350,R,8454
147828,1,412,1,R,1324,R,1910,R,288,R,1133,R,3234,R,1421,R,1612,R,3043,R,4655
147916,1,412,1,R,1410,R,1464,R,1841,R,2359,R,2874,R,4200,R,3251,R,3823,R,7074
148007,1,412,1,R,555,R,755,R,999,R,1637,R,1310,R,2636,R,1554,R,2392,R,3946
148131,1,412,1,R,488,R,417,R,67,R,114,R,905,R,181,R,555,R,531,R,1086
148256,1,412,1,R,554,R,659,R,608,R,665,R,1213,R,1273,R,1162,R,1324,R,2486
148292,1,412,1,R,319,R,498,R,569,R,1090,R,817,R,1659,R,888,R,1588,R,2476
148335,1,412,1,R,900,R,719,R,142,R,173,R,1619,R,315,R,1042,R,892,R,1934
148380,1,412,1,R,1293,R,1469,R,1505,R,1977,R,2762,R,3482,R,2798,R,3446,R,6244
148487,1,412,1,R,1039,R,2043,R,395,R,852,R,3082,R,1247,R,1434,R,2895,R,4329
148496,1,412,1,R,700,R,1615,R,160,R,515,R,2315,R,675,R,860,R,2130,R,2990
148511,1,412,1,R,533,R,1127,R,161,R,887,R,1660,R,1048,R,694,R,2014,R,2708
148584,1,412,1,R,564,R,1047,R,412,R,1904,R,1611,R,2316,R,976,R,2951,R,3927
148627,1,412,1,R,1012,R,1846,R,266,R,543,R,2858,R,809,R,1278,R,2389,R,3667
148654,1,412,1,R,1140,R,1229,R,1182,R,1024,R,2369,R,2206,R,2322,R,2253,R,4575
148672,1,412,1,R,279,R,433,R,351,R,565,R,712,R,916,R,630,R,998,R,1628
148821,1,412,1,R,233,R,453,R,127,R,312,R,686,R,439,R,360,R,765,R,1125
148937,1,412,1,R,271,R,324,R,460,R,595,R,595,R,1055,R,731,R,919,R,1650
148991,1,412,1,R,250,R,336,R,289,R,561,R,586,R,850,R,539,R,897,R,1436
149028,1,412,1,R,25,R,147,R,13,R,118,R,172,R,131,R,38,R,265,R,303
149222,1,412,1,R,5428,R,4958,R,1359,R,1072,R,10386,R,2431,R,6787,R,6030,R,12817
149231,1,412,1,R,4804,R,5449,R,1214,R,1814,R,10253,R,3028,R,6018,R,7263,R,13281
149499,1,412,1,R,0,R,16,Z,0,Z,0,R,16,Z,0,R,0,R,16,R,16
149505,1,412,1,R,300,R,644,R,62,R,125,R,944,R,187,R,362,R,769,R,1131
149532,1,412,1,R,1458,R,1611,R,3260,R,4200,R,3069,R,7460,R,4718,R,5811,R,10529
149550,1,412,1,R,18,R,98,R,2,R,32,R,116,R,34,R,20,R,130,R,150
149727,1,412,1,R,1372,R,1279,R,2857,R,3668,R,2651,R,6525,R,4229,R,4947,R,9176
149772,1,412,1,R,3251,R,3527,R,739,R,985,R,6778,R,1724,R,3990,R,4512,R,8502
149781,1,412,1,R,1164,R,1437,R,157,R,186,R,2601,R,343,R,1321,R,1623,R,2944
149842,1,412,1,R,2381,R,2225,R,3749,R,5175,R,4606,R,8924,R,6130,R,7400,R,13530
150048,1,412,1,R,128,R,177,R,36,R,74,R,305,R,110,R,164,R,251,R,415
150136,1,412,1,R,6378,R,9548,R,1387,R,4571,R,15926,R,5958,R,7765,R,14119,R,21884
150163,1,412,1,R,1971,R,2984,R,195,R,345,R,4955,R,540,R,2166,R,3329,R,5495
150215,1,412,1,R,38,R,54,R,29,R,34,R,92,R,63,R,67,R,88,R,155
150400,1,412,1,R,1012,R,1127,R,9,R,8,R,2139,R,17,R,1021,R,1135,R,2156
150604,1,412,1,R,452,R,479,R,25,R,26,R,931,R,51,R,477,R,505,R,982
150668,1,412,1,R,312,R,509,R,27,R,79,R,821,R,106,R,339,R,588,R,927
150765,1,412,1,R,1,R,63,Z,0,Z,0,R,64,Z,0,R,1,R,63,R,64
150774,1,412,1,R,276,R,193,R,29,R,1,R,469,R,30,R,305,R,194,R,499
151102,1,412,1,R,2784,R,3054,R,1886,R,2415,R,5838,R,4301,R,4670,R,5469,R,10139
151111,1,412,1,R,9433,R,12942,R,3049,R,4155,R,22375,R,7204,R,12482,R,17097,R,29579
151306,1,412,1,R,2502,R,4226,R,1573,R,2685,R,6728,R,4258,R,4075,R,6911,R,10986
151324,1,412,1,R,4307,R,5486,R,1307,R,1944,R,9793,R,3251,R,5614,R,7430,R,13044
151333,1,412,1,R,837,R,1472,R,277,R,537,R,2309,R,814,R,1114,R,2009,R,3123
151342,1,412,1,R,1343,R,2374,R,534,R,963,R,3717,R,1497,R,1877,R,3337,R,5214
151351,1,412,1,R,19436,R,18875,R,2761,R,2431,R,38311,R,5192,R,22197,R,21306,R,43503
151360,1,412,1,R,830,R,1811,R,359,R,959,R,2641,R,1318,R,1189,R,2770,R,3959
151379,1,412,1,R,1253,R,2024,R,765,R,1102,R,3277,R,1867,R,2018,R,3126,R,5144
151388,1,412,1,R,647,R,1354,R,654,R,1067,R,2001,R,1721,R,1301,R,2421,R,3722
151652,1,412,1,R,4,R,138,R,2,R,61,R,142,R,63,R,6,R,199,R,205
151661,1,412,1,R,912,R,49,Z,0,Z,0,R,961,Z,0,R,912,R,49,R,961
151786,1,412,1,R,1185,R,1664,R,202,R,541,R,2849,R,743,R,1387,R,2205,R,3592
152080,1,412,1,R,6663,R,5660,R,150,R,134,R,12323,R,284,R,6813,R,5794,R,12607
152099,1,412,1,R,332,R,353,R,338,R,396,R,685,R,734,R,670,R,749,R,1419
152275,1,412,1,R,25,R,75,R,20,R,22,R,100,R,42,R,45,R,97,R,142
152318,1,412,1,R,1577,R,516,R,40,R,9,R,2093,R,49,R,1617,R,525,R,2142
152336,1,412,1,R,539,R,1157,R,99,R,404,R,1696,R,503,R,638,R,1561,R,2199
152390,1,412,1,R,0,R,1497,R,22,R,92,R,1497,R,114,R,22,R,1589,R,1611
152451,1,412,1,R,117,R,4,R,25,R,17,R,121,R,42,R,142,R,21,R,163
152530,1,412,1,R,858,R,1015,R,126,R,196,R,1873,R,322,R,984,R,1211,R,2195
152567,1,412,1,R,1439,R,745,R,907,R,1229,R,2184,R,2136,R,2346,R,1974,R,4320
152600,1,412,1,R,1532,R,1949,R,116,R,189,R,3481,R,305,R,1648,R,2138,R,3786
152637,1,412,1,R,2621,R,2349,R,6824,R,5687,R,4970,R,12511,R,9445,R,8036,R,17481
152673,1,412,1,R,881,R,0,R,1,R,0,R,881,R,1,R,882,R,0,R,882
152798,1,412,1,R,34,R,372,R,32,R,224,R,406,R,256,R,66,R,596,R,662
152992,1,412,1,R,433,R,405,R,84,R,307,R,838,R,391,R,517,R,712,R,1229
153001,1,412,1,R,499,R,906,R,94,R,347,R,1405,R,441,R,593,R,1253,R,1846
153083,1,412,1,R,6,R,161,Z,0,Z,0,R,167,Z,0,R,6,R,161,R,167
153108,1,412,1,R,535,R,542,R,16,R,24,R,1077,R,40,R,551,R,566,R,1117
153126,1,412,1,R,336,R,542,R,29,R,97,R,878,R,126,R,365,R,639,R,1004
153144,1,412,1,R,612,R,780,R,18,R,12,R,1392,R,30,R,630,R,792,R,1422
153250,1,412,1,R,728,R,615,R,99,R,122,R,1343,R,221,R,827,R,737,R,1564
153269,1,412,1,R,1499,R,2261,R,366,R,743,R,3760,R,1109,R,1865,R,3004,R,4869
153302,1,412,1,R,98,R,121,R,9,R,10,R,219,R,19,R,107,R,131,R,238
153311,1,412,1,R,987,R,1417,R,2342,R,3025,R,2404,R,5367,R,3329,R,4442,R,7771
153366,1,412,1,R,521,R,951,R,79,R,442,R,1472,R,521,R,600,R,1393,R,1993
153384,1,412,1,R,763,R,916,R,25,R,12,R,1679,R,37,R,788,R,928,R,1716
153409,1,412,1,R,6,R,31,R,17,R,88,R,37,R,105,R,23,R,119,R,142
153418,1,412,1,R,42,R,184,R,32,R,153,R,226,R,185,R,74,R,337,R,411
153445,1,412,1,R,1076,R,1182,R,1262,R,1743,R,2258,R,3005,R,2338,R,2925,R,5263
153463,1,412,1,R,0,R,23,Z,0,Z,0,R,23,Z,0,R,0,R,23,R,23
153472,1,412,1,R,1014,R,962,R,940,R,1002,R,1976,R,1942,R,1954,R,1964,R,3918
153524,1,412,1,R,1484,R,1198,R,1183,R,1525,R,2682,R,2708,R,2667,R,2723,R,5390
153533,1,412,1,R,530,R,464,R,370,R,687,R,994,R,1057,R,900,R,1151,R,2051
153630,1,412,1,R,1299,R,1256,R,1352,R,2055,R,2555,R,3407,R,2651,R,3311,R,5962
153658,1,412,1,R,12319,R,14113,R,2548,R,2676,R,26432,R,5224,R,14867,R,16789,R,31656
153737,1,412,1,R,2585,R,2715,R,3893,R,4713,R,5300,R,8606,R,6478,R,7428,R,13906
153825,1,412,1,R,762,R,652,R,43,R,32,R,1414,R,75,R,805,R,684,R,1489
153834,1,412,1,R,846,R,1131,R,11,R,17,R,1977,R,28,R,857,R,1148,R,2005
153977,1,412,1,R,69,R,346,R,25,R,287,R,415,R,312,R,94,R,633,R,727
154004,1,412,1,R,609,R,632,R,251,R,1206,R,1241,R,1457,R,860,R,1838,R,2698
154013,1,412,1,R,393,R,823,R,197,R,422,R,1216,R,619,R,590,R,1245,R,1835
154095,1,412,1,R,3717,R,5547,R,742,R,1181,R,9264,R,1923,R,4459,R,6728,R,11187
154110,1,412,1,R,505,R,648,R,1301,R,1995,R,1153,R,3296,R,1806,R,2643,R,4449
154156,1,412,1,R,735,R,648,R,43,R,123,R,1383,R,166,R,778,R,771,R,1549
154174,1,412,1,R,1246,R,901,R,20,R,12,R,2147,R,32,R,1266,R,913,R,2179
154235,1,412,1,R,1075,R,1529,R,173,R,268,R,2604,R,441,R,1248,R,1797,R,3045
154262,1,412,1,R,14,R,115,R,12,R,132,R,129,R,144,R,26,R,247,R,273
154350,1,412,1,R,584,R,676,R,89,R,95,R,1260,R,184,R,673,R,771,R,1444
154378,1,412,1,R,501,R,674,R,568,R,805,R,1175,R,1373,R,1069,R,1479,R,2548
154396,1,412,1,R,322,R,361,R,310,R,554,R,683,R,864,R,632,R,915,R,1547
154493,1,412,1,R,923,R,1486,R,756,R,1227,R,2409,R,1983,R,1679,R,2713,R,4392
154527,1,412,1,R,675,R,781,R,27,R,15,R,1456,R,42,R,702,R,796,R,1498
154572,1,412,1,R,807,R,939,R,1550,R,2378,R,1746,R,3928,R,2357,R,3317,R,5674
154642,1,412,1,R,432,R,598,R,543,R,967,R,1030,R,1510,R,975,R,1565,R,2540
154697,1,412,1,R,392,R,498,R,1654,R,1693,R,890,R,3347,R,2046,R,2191,R,4237
154712,1,412,1,R,952,R,1022,R,71,R,79,R,1974,R,150,R,1023,R,1101,R,2124
154800,1,412,1,R,1535,R,1983,R,1904,R,2952,R,3518,R,4856,R,3439,R,4935,R,8374
154907,1,412,1,R,403,R,386,R,369,R,681,R,789,R,1050,R,772,R,1067,R,1839
154934,1,412,1,R,196,R,445,R,247,R,524,R,641,R,771,R,443,R,969,R,1412
154952,1,412,1,R,692,R,757,R,399,R,816,R,1449,R,1215,R,1091,R,1573,R,2664
155025,1,412,1,R,1355,R,2360,R,597,R,1484,R,3715,R,2081,R,1952,R,3844,R,5796
155061,1,412,1,R,2593,R,3865,R,3567,R,5498,R,6458,R,9065,R,6160,R,9363,R,15523
155070,1,412,1,R,101,R,96,R,31,R,15,R,197,R,46,R,132,R,111,R,243
155089,1,412,1,R,448,R,583,R,316,R,579,R,1031,R,895,R,764,R,1162,R,1926
155098,1,412,1,R,500,R,383,R,420,R,565,R,883,R,985,R,920,R,948,R,1868
155104,1,412,1,R,592,R,552,R,278,R,495,R,1144,R,773,R,870,R,1047,R,1917
155140,1,412,1,R,289,R,409,R,15,R,20,R,698,R,35,R,304,R,429,R,733
155177,1,412,1,R,158,R,219,R,9,R,33,R,377,R,42,R,167,R,252,R,419
155186,1,412,1,R,519,R,547,R,848,R,1195,R,1066,R,2043,R,1367,R,1742,R,3109
155195,1,412,1,R,1011,R,1044,R,1523,R,1996,R,2055,R,3519,R,2534,R,3040,R,5574
155210,1,412,1,R,2698,R,2853,R,5705,R,7117,R,5551,R,12822,R,8403,R,9970,R,18373
155317,1,412,1,R,11013,R,12014,R,1984,R,2679,R,23027,R,4663,R,12997,R,14693,R,27690
155335,1,412,1,R,375,R,748,R,823,R,1427,R,1123,R,2250,R,1198,R,2175,R,3373
155414,1,412,1,R,362,R,243,R,69,R,67,R,605,R,136,R,431,R,310,R,741
155487,1,412,1,R,177,R,141,R,215,R,244,R,318,R,459,R,392,R,385,R,777
155520,1,412,1,R,416,R,653,R,231,R,575,R,1069,R,806,R,647,R,1228,R,1875
155566,1,412,1,R,268,R,457,R,506,R,737,R,725,R,1243,R,774,R,1194,R,1968
155618,1,412,1,R,362,R,95,R,201,R,163,R,457,R,364,R,563,R,258,R,821
155681,1,412,1,R,2671,R,2490,R,537,R,927,R,5161,R,1464,R,3208,R,3417,R,6625
155715,1,412,1,R,329,R,247,R,242,R,416,R,576,R,658,R,571,R,663,R,1234
155812,1,412,1,R,443,R,437,R,102,R,272,R,880,R,374,R,545,R,709,R,1254
155858,1,412,1,R,373,R,409,R,400,R,688,R,782,R,1088,R,773,R,1097,R,1870
155900,1,412,1,R,453,R,274,R,483,R,304,R,727,R,787,R,936,R,578,R,1514
156082,1,412,1,R,1726,R,2571,R,827,R,1447,R,4297,R,2274,R,2553,R,4018,R,6571
156107,1,412,1,R,863,R,665,R,1446,R,1622,R,1528,R,3068,R,2309,R,2287,R,4596
156125,1,412,1,R,4626,R,5429,R,2524,R,3199,R,10055,R,5723,R,7150,R,8628,R,15778
156222,1,412,1,R,405,R,248,R,655,R,382,R,653,R,1037,R,1060,R,630,R,1690
156231,1,412,1,R,616,R,645,R,411,R,870,R,1261,R,1281,R,1027,R,1515,R,2542
156286,1,412,1,R,1018,R,1744,R,164,R,443,R,2762,R,607,R,1182,R,2187,R,3369
156295,1,412,1,R,694,R,937,R,16,R,26,R,1631,R,42,R,710,R,963,R,1673
156338,1,412,1,R,757,R,1003,R,1121,R,1601,R,1760,R,2722,R,1878,R,2604,R,4482
156356,1,412,1,R,246,R,556,R,43,R,170,R,802,R,213,R,289,R,726,R,1015
156365,1,412,1,R,6081,R,3358,R,771,R,1260,R,9439,R,2031,R,6852,R,4618,R,11470
156392,1,412,1,R,1885,R,2386,R,2018,R,3236,R,4271,R,5254,R,3903,R,5622,R,9525
156408,1,412,1,R,700,R,733,R,1,R,0,R,1433,R,1,R,701,R,733,R,1434
156471,1,412,1,R,92,R,884,R,92,R,886,R,976,R,978,R,184,R,1770,R,1954
156620,1,412,1,R,4687,R,6479,R,1740,R,2909,R,11166,R,4649,R,6427,R,9388,R,15815
156648,1,412,1,R,1044,R,1242,R,2004,R,2109,R,2286,R,4113,R,3048,R,3351,R,6399
156727,1,412,1,R,101,R,1598,R,25,R,416,R,1699,R,441,R,126,R,2014,R,2140
156745,1,412,1,R,404,R,508,R,161,R,535,R,912,R,696,R,565,R,1043,R,1608
156790,1,412,1,R,428,R,638,R,1117,R,1002,R,1066,R,2119,R,1545,R,1640,R,3185
156842,1,412,1,R,6,R,116,R,2,R,30,R,122,R,32,R,8,R,146,R,154
156851,1,412,1,R,197,R,309,R,309,R,771,R,506,R,1080,R,506,R,1080,R,1586
156860,1,412,1,R,350,R,649,R,727,R,1022,R,999,R,1749,R,1077,R,1671,R,2748
156921,1,412,1,R,1506,R,1893,R,3505,R,4795,R,3399,R,8300,R,5011,R,6688,R,11699
157030,1,412,1,R,30,R,17,R,14,R,10,R,47,R,24,R,44,R,27,R,71
157076,1,412,1,R,388,R,365,R,37,R,40,R,753,R,77,R,425,R,405,R,830
157085,1,412,1,R,11655,R,14503,R,1273,R,1751,R,26158,R,3024,R,12928,R,16254,R,29182
157207,1,412,1,R,1,R,2,R,36,R,39,R,3,R,75,R,37,R,41,R,78
157289,1,412,1,R,7357,R,8579,R,2783,R,2711,R,15936,R,5494,R,10140,R,11290,R,21430
157304,1,412,1,R,307,R,716,R,1330,R,1193,R,1023,R,2523,R,1637,R,1909,R,3546
157331,1,412,1,R,576,R,887,R,1253,R,1473,R,1463,R,2726,R,1829,R,2360,R,4189
157386,1,412,1,R,2405,R,3577,R,1591,R,2622,R,5982,R,4213,R,3996,R,6199,R,10195
157401,1,412,1,R,2722,R,4048,R,992,R,1692,R,6770,R,2684,R,3714,R,5740,R,9454
157438,1,412,1,R,606,R,664,R,1358,R,1465,R,1270,R,2823,R,1964,R,2129,R,4093
157447,1,412,1,R,3961,R,5542,R,1938,R,3323,R,9503,R,5261,R,5899,R,8865,R,14764
157483,1,412,1,R,830,R,1232,R,1978,R,2153,R,2062,R,4131,R,2808,R,3385,R,6193
157535,1,412,1,R,917,R,952,R,196,R,252,R,1869,R,448,R,1113,R,1204,R,2317
157553,1,412,1,R,785,R,1007,R,1312,R,1271,R,1792,R,2583,R,2097,R,2278,R,4375
157614,1,412,1,R,1,R,59,R,1,R,17,R,60,R,18,R,2,R,76,R,78
157650,1,412,1,R,4,R,68,R,2,R,25,R,72,R,27,R,6,R,93,R,99
157669,1,412,1,R,1,R,89,Z,0,Z,0,R,90,Z,0,R,1,R,89,R,90
157678,1,412,1,R,1,R,75,R,0,R,23,R,76,R,23,R,1,R,98,R,99
157711,1,412,1,R,1019,R,1523,R,1186,R,2129,R,2542,R,3315,R,2205,R,3652,R,5857
157739,1,412,1,R,550,R,910,R,1203,R,652,R,1460,R,1855,R,1753,R,1562,R,3315
157757,1,412,1,R,368,R,973,R,103,R,314,R,1341,R,417,R,471,R,1287,R,1758
157809,1,412,1,R,780,R,730,R,298,R,445,R,1510,R,743,R,1078,R,1175,R,2253
157818,1,412,1,R,392,R,584,R,8,R,3,R,976,R,11,R,400,R,587,R,987
157951,1,412,1,R,5532,R,7696,R,2203,R,4025,R,13228,R,6228,R,7735,R,11721,R,19456
158431,1,412,1,R,1243,R,2191,R,967,R,2195,R,3434,R,3162,R,2210,R,4386,R,6596
158884,1,412,1,R,362,R,517,R,511,R,981,R,879,R,1492,R,873,R,1498,R,2371
159009,1,412,1,R,1610,R,2488,R,319,R,788,R,4098,R,1107,R,1929,R,3276,R,5205
159197,1,412,1,R,553,R,110,Z,0,Z,0,R,663,Z,0,R,553,R,110,R,663
159373,1,412,1,R,835,R,1690,R,46,R,238,R,2525,R,284,R,881,R,1928,R,2809
159382,1,412,1,R,593,R,1226,R,386,R,959,R,1819,R,1345,R,979,R,2185,R,3164
159391,1,412,1,R,12476,R,14386,R,1950,R,2171,R,26862,R,4121,R,14426,R,16557,R,30983
159407,1,412,1,R,529,R,1155,R,404,R,1144,R,1684,R,1548,R,933,R,2299,R,3232
159601,1,412,1,R,0,R,8,Z,0,Z,0,R,8,Z,0,R,0,R,8,R,8
159717,1,412,1,R,2419,R,3511,R,605,R,1112,R,5930,R,1717,R,3024,R,4623,R,7647
159939,1,412,1,R,2770,R,2840,R,1179,R,1362,R,5610,R,2541,R,3949,R,4202,R,8151
159993,1,412,1,R,2143,R,3826,R,1082,R,2240,R,5969,R,3322,R,3225,R,6066,R,9291
160199,1,412,1,R,2,R,65,Z,0,Z,0,R,67,Z,0,R,2,R,65,R,67
160409,1,412,1,R,141,R,0,R,2,R,0,R,141,R,2,R,143,R,0,R,143
160445,1,412,1,R,2,R,110,R,0,R,4,R,112,R,4,R,2,R,114,R,116
160472,1,412,1,R,0,R,50,Z,0,Z,0,R,50,Z,0,R,0,R,50,R,50
160481,1,412,1,R,411,R,748,R,311,R,691,R,1159,R,1002,R,722,R,1439,R,2161
160579,1,412,1,R,879,R,917,R,873,R,790,R,1796,R,1663,R,1752,R,1707,R,3459
160612,1,412,1,R,3574,R,5989,R,1704,R,3031,R,9563,R,4735,R,5278,R,9020,R,14298
160621,1,412,1,R,1912,R,3399,R,437,R,945,R,5311,R,1382,R,2349,R,4344,R,6693
160649,1,412,1,R,477,R,1034,R,298,R,842,R,1511,R,1140,R,775,R,1876,R,2651
160658,1,412,1,R,5998,R,7486,R,1323,R,2316,R,13484,R,3639,R,7321,R,9802,R,17123
160667,1,412,1,R,777,R,811,R,1269,R,1876,R,1588,R,3145,R,2046,R,2687,R,4733
160940,1,412,1,R,27,R,78,R,62,R,336,R,105,R,398,R,89,R,414,R,503
160977,1,412,1,R,920,R,912,Z,0,Z,0,R,1832,Z,0,R,920,R,912,R,1832
161004,1,412,1,R,903,R,922,R,0,R,3,R,1825,R,3,R,903,R,925,R,1828
161022,1,412,1,R,7,R,41,R,11,R,118,R,48,R,129,R,18,R,159,R,177
161077,1,412,1,R,592,R,566,R,845,R,1065,R,1158,R,1910,R,1437,R,1631,R,3068
161086,1,412,1,R,951,R,1049,Z,0,Z,0,R,2000,Z,0,R,951,R,1049,R,2000
161138,1,412,1,R,526,R,477,R,626,R,767,R,1003,R,1393,R,1152,R,1244,R,2396
161192,1,412,1,R,241,R,332,R,628,R,1272,R,573,R,1900,R,869,R,1604,R,2473
161208,1,412,1,R,56,R,5,Z,0,Z,0,R,61,Z,0,R,56,R,5,R,61
161217,1,412,1,R,443,R,963,R,810,R,1912,R,1406,R,2722,R,1253,R,2875,R,4128
161226,1,412,1,R,528,R,1036,R,98,R,378,R,1564,R,476,R,626,R,1414,R,2040
161244,1,412,1,R,124,R,221,R,72,R,258,R,345,R,330,R,196,R,479,R,675
161253,1,412,1,R,4672,R,4257,R,966,R,1509,R,8929,R,2475,R,5638,R,5766,R,11404
161341,1,412,1,R,263,R,409,R,345,R,536,R,672,R,881,R,608,R,945,R,1553
161457,1,412,1,R,1645,R,3686,R,737,R,1942,R,5331,R,2679,R,2382,R,5628,R,8010
161484,1,412,1,R,217,R,187,R,148,R,259,R,404,R,407,R,365,R,446,R,811
161493,1,412,1,R,6,R,129,R,5,R,32,R,135,R,37,R,11,R,161,R,172
161509,1,412,1,R,128,R,311,R,9,R,14,R,439,R,23,R,137,R,325,R,462
161545,1,412,1,R,1174,R,1076,R,1465,R,2137,R,2250,R,3602,R,2639,R,3213,R,5852
161554,1,412,1,R,1887,R,2820,R,1322,R,2111,R,4707,R,3433,R,3209,R,4931,R,8140
161581,1,412,1,R,130,R,83,R,61,R,106,R,213,R,167,R,191,R,189,R,380
161767,1,412,1,R,1742,R,1919,R,3476,R,5749,R,3661,R,9225,R,5218,R,7668,R,12886
162122,1,412,1,R,1197,R,1293,R,1539,R,2853,R,2490,R,4392,R,2736,R,4146,R,6882
162168,1,412,1,R,249,R,330,R,482,R,1020,R,579,R,1502,R,731,R,1350,R,2081
162584,1,412,1,R,2076,R,1934,R,379,R,906,R,4010,R,1285,R,2455,R,2840,R,5295
162609,1,412,1,R,229,R,192,R,86,R,151,R,421,R,237,R,315,R,343,R,658
162681,1,412,1,R,29,R,106,R,80,R,279,R,135,R,359,R,109,R,385,R,494
162760,1,412,1,R,456,R,718,R,257,R,574,R,1174,R,831,R,713,R,1292,R,2005
162830,1,412,1,R,0,R,32,Z,0,Z,0,R,32,Z,0,R,0,R,32,R,32
163028,1,412,1,R,544,R,28,R,168,R,9,R,572,R,177,R,712,R,37,R,749
163204,1,412,1,R,5002,R,4702,R,26917,R,23982,R,9704,R,50899,R,31919,R,28684,R,60603
163259,1,412,1,R,1509,R,3693,R,290,R,1285,R,5202,R,1575,R,1799,R,4978,R,6777
163268,1,412,1,R,5958,R,4870,R,1578,R,1361,R,10828,R,2939,R,7536,R,6231,R,13767
163295,1,412,1,R,505,R,1481,R,58,R,134,R,1986,R,192,R,563,R,1615,R,2178
163578,1,412,1,R,86,R,867,R,221,R,1197,R,953,R,1418,R,307,R,2064,R,2371
163851,1,412,1,R,3192,R,4405,R,371,R,599,R,7597,R,970,R,3563,R,5004,R,8567
163912,1,412,1,R,635,R,898,R,28,R,21,R,1533,R,49,R,663,R,919,R,1582
163976,1,412,1,R,276,R,238,R,10,R,3,R,514,R,13,R,286,R,241,R,527
164076,1,412,1,R,7200,R,11185,R,1660,R,2878,R,18385,R,4538,R,8860,R,14063,R,22923
164155,1,412,1,R,3261,R,1251,Z,0,Z,0,R,4512,Z,0,R,3261,R,1251,R,4512
164216,1,412,1,R,549,R,797,R,9,R,12,R,1346,R,21,R,558,R,809,R,1367
164313,1,412,1,R,335,R,451,R,739,R,1499,R,786,R,2238,R,1074,R,1950,R,3024
164368,1,412,1,R,1713,R,1271,R,40,R,41,R,2984,R,81,R,1753,R,1312,R,3065
164447,1,412,1,R,783,R,2069,R,72,R,228,R,2852,R,300,R,855,R,2297,R,3152
164465,1,412,1,R,919,R,936,Z,0,Z,0,R,1855,Z,0,R,919,R,936,R,1855
164492,1,412,1,R,434,R,578,R,294,R,155,R,1012,R,449,R,728,R,733,R,1461
164599,1,412,1,Z,0,Z,0,R,6,R,39,Z,0,R,45,R,6,R,39,R,45
164641,1,412,1,R,131,R,238,R,69,R,262,R,369,R,331,R,200,R,500,R,700
164720,1,412,1,R,695,R,783,R,66,R,295,R,1478,R,361,R,761,R,1078,R,1839
164739,1,412,1,R,2787,R,2092,R,274,R,307,R,4879,R,581,R,3061,R,2399,R,5460
164748,1,412,1,R,3165,R,2294,R,993,R,511,R,5459,R,1504,R,4158,R,2805,R,6963
164775,1,412,1,R,227,R,326,R,366,R,777,R,553,R,1143,R,593,R,1103,R,1696
164845,1,412,1,R,4,R,86,R,3,R,25,R,90,R,28,R,7,R,111,R,118
164872,1,412,1,R,303,R,277,R,28,R,55,R,580,R,83,R,331,R,332,R,663
164915,1,412,1,R,14,R,29,R,33,R,59,R,43,R,92,R,47,R,88,R,135
165015,1,412,1,R,2153,R,3114,R,232,R,301,R,5267,R,533,R,2385,R,3415,R,5800
165024,1,412,1,R,3316,R,5028,R,974,R,1672,R,8344,R,2646,R,4290,R,6700,R,10990
165033,1,412,1,R,1213,R,1838,R,1395,R,2768,R,3051,R,4163,R,2608,R,4606,R,7214
165167,1,412,1,R,212,R,662,R,311,R,1049,R,874,R,1360,R,523,R,1711,R,2234
165194,1,412,1,R,442,R,445,R,668,R,1441,R,887,R,2109,R,1110,R,1886,R,2996
165334,1,412,1,R,1193,R,1751,R,71,R,107,R,2944,R,178,R,1264,R,1858,R,3122
165495,1,412,1,R,2,R,12,Z,0,Z,0,R,14,Z,0,R,2,R,12,R,14
165556,1,412,1,R,21,R,184,R,6,R,110,R,205,R,116,R,27,R,294,R,321
165574,1,412,1,R,566,R,586,R,68,R,100,R,1152,R,168,R,634,R,686,R,1320
165635,1,412,1,R,282,R,14,Z,0,Z,0,R,296,Z,0,R,282,R,14,R,296
165662,1,412,1,R,1669,R,2738,R,61,R,105,R,4407,R,166,R,1730,R,2843,R,4573
165671,1,412,1,R,492,R,1450,R,51,R,216,R,1942,R,267,R,543,R,1666,R,2209
165820,1,412,1,R,1714,R,1981,R,1056,R,2448,R,3695,R,3504,R,2770,R,4429,R,7199
165866,1,412,1,R,1497,R,2083,R,506,R,1479,R,3580,R,1985,R,2003,R,3562,R,5565
165884,1,412,1,R,413,R,63,R,131,R,23,R,476,R,154,R,544,R,86,R,630
165936,1,412,1,R,601,R,1087,R,73,R,194,R,1688,R,267,R,674,R,1281,R,1955
165945,1,412,1,R,313,R,171,R,836,R,376,R,484,R,1212,R,1149,R,547,R,1696
165981,1,412,1,R,245,R,328,R,447,R,802,R,573,R,1249,R,692,R,1130,R,1822
166027,1,412,1,R,10533,R,10473,R,5308,R,5252,R,21006,R,10560,R,15841,R,15725,R,31566
166133,1,412,1,R,972,R,1275,R,953,R,2006,R,2247,R,2959,R,1925,R,3281,R,5206
166391,1,412,1,R,597,R,1065,R,153,R,245,R,1662,R,398,R,750,R,1310,R,2060
166513,1,412,1,R,7303,R,4610,R,3661,R,2668,R,11913,R,6329,R,10964,R,7278,R,18242
166629,1,412,1,R,12337,R,12006,R,3004,R,3246,R,24343,R,6250,R,15341,R,15252,R,30593
166638,1,412,1,R,5026,R,6242,R,1889,R,3007,R,11268,R,4896,R,6915,R,9249,R,16164
166647,1,412,1,R,860,R,611,R,1196,R,1701,R,1471,R,2897,R,2056,R,2312,R,4368
166656,1,412,1,R,1810,R,4334,R,236,R,684,R,6144,R,920,R,2046,R,5018,R,7064
166674,1,412,1,R,481,R,1258,R,116,R,232,R,1739,R,348,R,597,R,1490,R,2087
166683,1,412,1,R,6855,R,4547,R,117,R,55,R,11402,R,172,R,6972,R,4602,R,11574
166717,1,412,1,R,107,R,422,R,49,R,187,R,529,R,236,R,156,R,609,R,765
166823,1,412,1,R,1334,R,1318,R,1640,R,2703,R,2652,R,4343,R,2974,R,4021,R,6995
166850,1,412,1,R,1900,R,2066,R,240,R,437,R,3966,R,677,R,2140,R,2503,R,4643
166887,1,412,1,R,1277,R,1289,R,2072,R,3452,R,2566,R,5524,R,3349,R,4741,R,8090
166911,1,412,1,R,100,R,251,R,2,R,14,R,351,R,16,R,102,R,265,R,367
166939,1,412,1,R,1,R,2192,R,23,R,119,R,2193,R,142,R,24,R,2311,R,2335
166957,1,412,1,R,545,R,755,R,820,R,1604,R,1300,R,2424,R,1365,R,2359,R,3724
167215,1,412,1,R,125,R,246,R,72,R,99,R,371,R,171,R,197,R,345,R,542
167224,1,412,1,R,17,R,23,Z,0,Z,0,R,40,Z,0,R,17,R,23,R,40
167260,1,412,1,R,782,R,467,R,161,R,182,R,1249,R,343,R,943,R,649,R,1592
167288,1,412,1,R,433,R,688,R,104,R,227,R,1121,R,331,R,537,R,915,R,1452
167312,1,412,1,R,885,R,1111,R,1262,R,2505,R,1996,R,3767,R,2147,R,3616,R,5763
167358,1,412,1,R,10818,R,9967,R,445,R,397,R,20785,R,842,R,11263,R,10364,R,21627
167376,1,412,1,R,793,R,905,R,1273,R,2262,R,1698,R,3535,R,2066,R,3167,R,5233
167394,1,412,1,R,275,R,837,R,95,R,324,R,1112,R,419,R,370,R,1161,R,1531
167534,1,412,1,R,1204,R,1335,R,1825,R,2899,R,2539,R,4724,R,3029,R,4234,R,7263
167598,1,412,1,R,252,R,1068,R,174,R,1263,R,1320,R,1437,R,426,R,2331,R,2757
167631,1,412,1,R,132,R,200,R,480,R,1195,R,332,R,1675,R,612,R,1395,R,2007
167729,1,412,1,R,2140,R,3842,R,784,R,1572,R,5982,R,2356,R,2924,R,5414,R,8338
167783,1,412,1,R,215,R,2904,R,330,R,2633,R,3119,R,2963,R,545,R,5537,R,6082
167792,1,412,1,R,157,R,228,R,2,R,9,R,385,R,11,R,159,R,237,R,396
167835,1,412,1,R,53,R,2815,R,4,R,31,R,2868,R,35,R,57,R,2846,R,2903
167871,1,412,1,R,3,R,73,R,22,R,36,R,76,R,58,R,25,R,109,R,134
167905,1,412,1,R,965,R,1147,R,1069,R,1740,R,2112,R,2809,R,2034,R,2887,R,4921
167987,1,412,1,R,3392,R,3139,R,858,R,1124,R,6531,R,1982,R,4250,R,4263,R,8513
167996,1,412,1,R,1008,R,1505,R,20,R,23,R,2513,R,43,R,1028,R,1528,R,2556
168148,1,412,1,R,4776,R,5942,R,335,R,533,R,10718,R,868,R,5111,R,6475,R,11586
168227,1,412,1,R,3145,R,860,R,381,R,130,R,4005,R,511,R,3526,R,990,R,4516
168342,1,412,1,R,1081,R,1015,R,32,R,21,R,2096,R,53,R,1113,R,1036,R,2149
168421,1,412,1,R,3328,R,2043,R,1092,R,411,R,5371,R,1503,R,4420,R,2454,R,6874
168430,1,412,1,R,1690,R,2641,R,676,R,1210,R,4331,R,1886,R,2366,R,3851,R,6217
168528,1,412,1,R,942,R,839,R,32,R,43,R,1781,R,75,R,974,R,882,R,1856
168546,1,412,1,R,690,R,819,R,11,R,13,R,1509,R,24,R,701,R,832,R,1533
168591,1,412,1,R,578,R,819,R,15,R,21,R,1397,R,36,R,593,R,840,R,1433
168607,1,412,1,R,351,R,319,R,331,R,428,R,670,R,759,R,682,R,747,R,1429
168740,1,412,1,R,1175,R,1132,R,647,R,453,R,2307,R,1100,R,1822,R,1585,R,3407
168786,1,412,1,R,538,R,795,R,157,R,268,R,1333,R,425,R,695,R,1063,R,1758
168847,1,412,1,R,1167,R,2685,R,1670,R,3810,R,3852,R,5480,R,2837,R,6495,R,9332
168883,1,412,1,R,321,R,397,R,373,R,844,R,718,R,1217,R,694,R,1241,R,1935
169080,1,412,1,R,1570,R,1906,R,146,R,110,R,3476,R,256,R,1716,R,2016,R,3732
169220,1,412,1,R,27,R,81,R,14,R,59,R,108,R,73,R,41,R,140,R,181
169248,1,412,1,R,6785,R,9181,R,2270,R,3386,R,15966,R,5656,R,9055,R,12567,R,21622
169275,1,412,1,R,807,R,1107,R,2246,R,3555,R,1914,R,5801,R,3053,R,4662,R,7715
169284,1,412,1,R,5,R,176,R,3,R,41,R,181,R,44,R,8,R,217,R,225
169424,1,412,1,R,47,R,83,Z,0,Z,0,R,130,Z,0,R,47,R,83,R,130
169442,1,412,1,R,502,R,693,R,125,R,165,R,1195,R,290,R,627,R,858,R,1485
169521,1,412,1,R,1258,R,1590,R,2157,R,3075,R,2848,R,5232,R,3415,R,4665,R,8080
169655,1,412,1,R,805,R,40,Z,0,Z,0,R,845,Z,0,R,805,R,40,R,845
169716,1,412,1,R,1748,R,2408,R,344,R,611,R,4156,R,955,R,2092,R,3019,R,5111
169734,1,412,1,R,45,R,353,Z,0,Z,0,R,398,Z,0,R,45,R,353,R,398
169761,1,412,1,R,4,R,100,Z,0,Z,0,R,104,Z,0,R,4,R,100,R,104
169798,1,412,1,R,4845,R,7513,R,2575,R,4190,R,12358,R,6765,R,7420,R,11703,R,19123
169910,1,412,1,R,4378,R,4538,R,1742,R,2592,R,8916,R,4334,R,6120,R,7130,R,13250
169947,1,412,1,R,29,R,7,Z,0,Z,0,R,36,Z,0,R,29,R,7,R,36
169983,1,412,1,R,1573,R,391,R,257,R,94,R,1964,R,351,R,1830,R,485,R,2315
169992,1,412,1,R,264,R,259,R,149,R,324,R,523,R,473,R,413,R,583,R,996
170055,1,412,1,R,2027,R,2077,R,4524,R,5160,R,4104,R,9684,R,6551,R,7237,R,13788
170082,1,412,1,R,7998,R,12655,R,1684,R,2340,R,20653,R,4024,R,9682,R,14995,R,24677
170240,1,412,1,R,1817,R,2251,R,3752,R,4399,R,4068,R,8151,R,5569,R,6650,R,12219
170301,1,412,1,R,1142,R,1890,R,62,R,55,R,3032,R,117,R,1204,R,1945,R,3149
170532,1,412,1,R,617,R,840,R,8,R,2,R,1457,R,10,R,625,R,842,R,1467
170550,1,412,1,R,431,R,618,R,960,R,2236,R,1049,R,3196,R,1391,R,2854,R,4245
170587,1,412,1,R,168,R,289,R,422,R,610,R,457,R,1032,R,590,R,899,R,1489
170639,1,412,1,R,826,R,843,R,124,R,198,R,1669,R,322,R,950,R,1041,R,1991
170657,1,412,1,R,2166,R,2155,R,3336,R,4114,R,4321,R,7450,R,5502,R,6269,R,11771
170790,1,412,1,R,2820,R,3155,R,6566,R,7679,R,5975,R,14245,R,9386,R,10834,R,20220
170967,1,412,1,R,321,R,403,R,104,R,270,R,724,R,374,R,425,R,673,R,1098
171100,1,412,1,R,21223,R,22640,R,3014,R,3474,R,43863,R,6488,R,24237,R,26114,R,50351
171137,1,412,1,R,3213,R,2527,R,2158,R,1562,R,5740,R,3720,R,5371,R,4089,R,9460
171146,1,412,1,R,1651,R,2557,R,1204,R,2120,R,4208,R,3324,R,2855,R,4677,R,7532
171155,1,412,1,R,642,R,694,R,940,R,1526,R,1336,R,2466,R,1582,R,2220,R,3802
171225,1,412,1,R,356,R,465,R,845,R,1254,R,821,R,2099,R,1201,R,1719,R,2920
171304,1,412,1,R,639,R,806,R,1017,R,1616,R,1445,R,2633,R,1656,R,2422,R,4078
171456,1,412,1,R,2840,R,3498,R,446,R,811,R,6338,R,1257,R,3286,R,4309,R,7595
171483,1,412,1,R,759,R,622,R,1056,R,1290,R,1381,R,2346,R,1815,R,1912,R,3727
171492,1,412,1,R,1066,R,713,R,733,R,665,R,1779,R,1398,R,1799,R,1378,R,3177
171535,1,412,1,R,2055,R,1821,R,5082,R,6453,R,3876,R,11535,R,7137,R,8274,R,15411
171571,1,412,1,R,6181,R,8424,R,2259,R,2445,R,14605,R,4704,R,8440,R,10869,R,19309
172200,1,412,1,R,1370,R,1261,R,3084,R,4180,R,2631,R,7264,R,4454,R,5441,R,9895
172264,1,412,1,R,602,R,678,R,412,R,741,R,1280,R,1153,R,1014,R,1419,R,2433
172307,1,412,1,R,388,R,492,R,477,R,773,R,880,R,1250,R,865,R,1265,R,2130
172325,1,412,1,Z,0,Z,0,R,339,R,187,Z,0,R,526,R,339,R,187,R,526
172422,1,412,1,R,178,R,40,Z,0,Z,0,R,218,Z,0,R,178,R,40,R,218
172440,1,412,1,R,201,R,175,R,24,R,56,R,376,R,80,R,225,R,231,R,456
172477,1,412,1,R,102,R,126,R,451,R,646,R,228,R,1097,R,553,R,772,R,1325
172617,1,412,1,R,1595,R,1576,R,4233,R,4860,R,3171,R,9093,R,5828,R,6436,R,12264
172644,1,412,1,R,7924,R,10822,R,3690,R,4589,R,18746,R,8279,R,11614,R,15411,R,27025
172680,1,412,1,R,1,R,69,R,0,R,26,R,70,R,26,R,1,R,95,R,96
172699,1,412,1,R,8081,R,7949,R,2952,R,3580,R,16030,R,6532,R,11033,R,11529,R,22562
172866,1,412,1,R,72,R,9,R,14,R,4,R,81,R,18,R,86,R,13,R,99
173045,1,412,1,R,1193,R,1555,R,216,R,455,R,2748,R,671,R,1409,R,2010,R,3419
173142,1,412,1,R,286,R,307,R,66,R,80,R,593,R,146,R,352,R,387,R,739
173160,1,412,1,R,1013,R,1788,R,312,R,579,R,2801,R,891,R,1325,R,2367,R,3692
173179,1,412,1,R,12,R,15,R,208,R,134,R,27,R,342,R,220,R,149,R,369
173258,1,412,1,R,1030,R,1047,R,9,R,11,R,2077,R,20,R,1039,R,1058,R,2097
173328,1,412,1,R,1271,R,2216,R,569,R,998,R,3487,R,1567,R,1840,R,3214,R,5054
173452,1,412,1,R,388,R,364,R,111,R,109,R,752,R,220,R,499,R,473,R,972
173647,1,412,1,R,920,R,1293,R,11,R,17,R,2213,R,28,R,931,R,1310,R,2241
173665,1,412,1,R,786,R,1311,R,425,R,1004,R,2097,R,1429,R,1211,R,2315,R,3526
173683,1,412,1,R,27,R,60,R,22,R,59,R,87,R,81,R,49,R,119,R,168
173744,1,412,1,R,26,R,386,Z,0,Z,0,R,412,Z,0,R,26,R,386,R,412
173902,1,412,1,R,867,R,1273,R,12,R,22,R,2140,R,34,R,879,R,1295,R,2174
174066,1,412,1,R,18121,R,21642,R,5341,R,5630,R,39763,R,10971,R,23462,R,27272,R,50734
174075,1,412,1,R,577,R,629,R,679,R,925,R,1206,R,1604,R,1256,R,1554,R,2810
174127,1,412,1,R,232,R,517,R,27,R,78,R,749,R,105,R,259,R,595,R,854
174190,1,412,1,R,2,R,92,R,2,R,47,R,94,R,49,R,4,R,139,R,143
174233,1,412,1,R,4867,R,4586,R,803,R,768,R,9453,R,1571,R,5670,R,5354,R,11024
174251,1,412,1,R,628,R,835,R,38,R,51,R,1463,R,89,R,666,R,886,R,1552
174385,1,412,1,R,9,R,10,R,32,R,84,R,19,R,116,R,41,R,94,R,135
174491,1,412,1,R,811,R,1298,R,589,R,925,R,2109,R,1514,R,1400,R,2223,R,3623
174507,1,412,1,R,373,R,435,R,29,R,99,R,808,R,128,R,402,R,534,R,936
174747,1,412,1,R,0,R,1764,R,0,R,18,R,1764,R,18,R,0,R,1782,R,1782
174792,1,412,1,R,1681,R,16,R,51,R,29,R,1697,R,80,R,1732,R,45,R,1777
174899,1,412,1,R,900,R,2226,R,207,R,710,R,3126,R,917,R,1107,R,2936,R,4043
174914,1,412,1,R,3810,R,3562,R,1314,R,1349,R,7372,R,2663,R,5124,R,4911,R,10035
174978,1,412,1,R,3,R,117,R,1,R,11,R,120,R,12,R,4,R,128,R,132
175005,1,412,1,R,117,R,2671,R,191,R,1880,R,2788,R,2071,R,308,R,4551,R,4859
175014,1,412,1,R,316,R,1689,R,368,R,1751,R,2005,R,2119,R,684,R,3440,R,4124
175120,1,412,1,R,213,R,171,Z,0,Z,0,R,384,Z,0,R,213,R,171,R,384
175227,1,412,1,R,891,R,173,R,197,R,55,R,1064,R,252,R,1088,R,228,R,1316
175430,1,412,1,R,285,R,302,R,14,R,39,R,587,R,53,R,299,R,341,R,640
175519,1,412,1,R,593,R,768,R,166,R,368,R,1361,R,534,R,759,R,1136,R,1895
175573,1,412,1,R,815,R,1272,R,323,R,684,R,2087,R,1007,R,1138,R,1956,R,3094
175616,1,412,1,R,965,R,1295,R,501,R,954,R,2260,R,1455,R,1466,R,2249,R,3715
175643,1,412,1,R,748,R,1037,R,281,R,537,R,1785,R,818,R,1029,R,1574,R,2603
175810,1,412,1,R,1278,R,2249,R,680,R,1471,R,3527,R,2151,R,1958,R,3720,R,5678
175829,1,412,1,R,1380,R,1890,R,620,R,1040,R,3270,R,1660,R,2000,R,2930,R,4930
175856,1,412,1,R,1932,R,3646,R,455,R,1217,R,5578,R,1672,R,2387,R,4863,R,7250
175883,1,412,1,R,1352,R,1926,R,442,R,776,R,3278,R,1218,R,1794,R,2702,R,4496
175935,1,412,1,R,735,R,1639,R,314,R,806,R,2374,R,1120,R,1049,R,2445,R,3494
175980,1,412,1,R,415,R,430,R,13,R,7,R,845,R,20,R,428,R,437,R,865
176008,1,412,1,R,690,R,1041,R,193,R,449,R,1731,R,642,R,883,R,1490,R,2373
176017,1,412,1,R,8621,R,11243,R,1111,R,1481,R,19864,R,2592,R,9732,R,12724,R,22456
176035,1,412,1,R,380,R,1729,R,164,R,438,R,2109,R,602,R,544,R,2167,R,2711
176044,1,412,1,R,685,R,951,R,202,R,447,R,1636,R,649,R,887,R,1398,R,2285
176053,1,412,1,R,1480,R,2384,R,390,R,849,R,3864,R,1239,R,1870,R,3233,R,5103
176080,1,412,1,R,9225,R,9484,R,1774,R,1491,R,18709,R,3265,R,10999,R,10975,R,21974
176318,1,412,1,R,307,R,454,R,40,R,45,R,761,R,85,R,347,R,499,R,846
176354,1,412,1,R,636,R,966,R,132,R,291,R,1602,R,423,R,768,R,1257,R,2025
176372,1,412,1,R,3977,R,7179,R,1316,R,2037,R,11156,R,3353,R,5293,R,9216,R,14509
176628,1,412,1,R,532,R,809,R,59,R,249,R,1341,R,308,R,591,R,1058,R,1649
176664,1,412,1,R,112,R,106,R,21,R,17,R,218,R,38,R,133,R,123,R,256
176947,1,412,1,R,534,R,597,R,6,R,11,R,1131,R,17,R,540,R,608,R,1148
176965,1,412,1,R,3604,R,4405,R,1353,R,2125,R,8009,R,3478,R,4957,R,6530,R,11487
177065,1,412,1,R,1851,R,2717,R,3391,R,4121,R,4568,R,7512,R,5242,R,6838,R,12080
177135,1,412,1,R,822,R,1121,R,873,R,1705,R,1943,R,2578,R,1695,R,2826,R,4521
177144,1,412,1,R,496,R,469,R,38,R,65,R,965,R,103,R,534,R,534,R,1068
177214,1,412,1,R,667,R,964,R,23,R,76,R,1631,R,99,R,690,R,1040,R,1730
177250,1,412,1,R,502,R,717,R,541,R,869,R,1219,R,1410,R,1043,R,1586,R,2629
177418,1,412,1,R,356,R,574,R,86,R,274,R,930,R,360,R,442,R,848,R,1290
177436,1,412,1,R,3,R,30,Z,0,Z,0,R,33,Z,0,R,3,R,30,R,33
177472,1,412,1,R,2258,R,3251,R,2698,R,4014,R,5509,R,6712,R,4956,R,7265,R,12221
177676,1,412,1,R,809,R,1180,R,847,R,1596,R,1989,R,2443,R,1656,R,2776,R,4432
177685,1,412,1,R,2,R,98,Z,0,Z,0,R,100,Z,0,R,2,R,98,R,100
177940,1,412,1,R,738,R,992,R,302,R,446,R,1730,R,748,R,1040,R,1438,R,2478
177968,1,412,1,R,3263,R,4110,R,624,R,1471,R,7373,R,2095,R,3887,R,5581,R,9468
177977,1,412,1,R,1043,R,170,R,144,R,114,R,1213,R,258,R,1187,R,284,R,1471
177986,1,412,1,R,561,R,453,R,158,R,410,R,1014,R,568,R,719,R,863,R,1582
177995,1,412,1,R,2958,R,3592,R,3814,R,5987,R,6550,R,9801,R,6772,R,9579,R,16351
178341,1,412,1,R,1620,R,2581,R,659,R,1146,R,4201,R,1805,R,2279,R,3727,R,6006
178369,1,412,1,R,835,R,578,R,157,R,297,R,1413,R,454,R,992,R,875,R,1867
178387,1,412,1,R,1482,R,2191,R,755,R,1241,R,3673,R,1996,R,2237,R,3432,R,5669
178396,1,412,1,R,11752,R,13513,R,1936,R,2642,R,25265,R,4578,R,13688,R,16155,R,29843
178402,1,412,1,R,4199,R,5327,R,2819,R,4030,R,9526,R,6849,R,7018,R,9357,R,16375
178411,1,412,1,R,5419,R,1698,R,1148,R,336,R,7117,R,1484,R,6567,R,2034,R,8601
178420,1,412,1,R,2777,R,3624,R,4039,R,6001,R,6401,R,10040,R,6816,R,9625,R,16441
178448,1,412,1,R,949,R,1262,R,1151,R,1840,R,2211,R,2991,R,2100,R,3102,R,5202
178615,1,412,1,R,2008,R,3016,R,328,R,501,R,5024,R,829,R,2336,R,3517,R,5853
178624,1,412,1,R,2318,R,3062,R,585,R,892,R,5380,R,1477,R,2903,R,3954,R,6857
178697,1,412,1,R,685,R,848,R,15,R,17,R,1533,R,32,R,700,R,865,R,1565
178721,1,412,1,R,2038,R,2177,R,4045,R,3155,R,4215,R,7200,R,6083,R,5332,R,11415
179043,1,412,1,R,744,R,1052,R,528,R,821,R,1796,R,1349,R,1272,R,1873,R,3145
179052,1,412,1,R,45,R,63,Z,0,Z,0,R,108,Z,0,R,45,R,63,R,108
179308,1,412,1,R,2875,R,3705,R,4141,R,7436,R,6580,R,11577,R,7016,R,11141,R,18157
179326,1,412,1,R,824,R,1250,R,417,R,866,R,2074,R,1283,R,1241,R,2116,R,3357
179344,1,412,1,R,287,R,519,R,379,R,684,R,806,R,1063,R,666,R,1203,R,1869
179539,1,412,1,R,812,R,1478,R,971,R,1470,R,2290,R,2441,R,1783,R,2948,R,4731
179557,1,412,1,R,3205,R,4472,R,1282,R,2112,R,7677,R,3394,R,4487,R,6584,R,11071
179566,1,412,1,R,6776,R,9733,R,2957,R,4231,R,16509,R,7188,R,9733,R,13964,R,23697
179645,1,412,1,R,562,R,1076,R,434,R,1004,R,1638,R,1438,R,996,R,2080,R,3076
179715,1,412,1,R,260,R,421,R,313,R,860,R,681,R,1173,R,573,R,1281,R,1854
179812,1,412,1,R,730,R,474,R,2,R,4,R,1204,R,6,R,732,R,478,R,1210
179867,1,412,1,R,6558,R,7215,R,884,R,1195,R,13773,R,2079,R,7442,R,8410,R,15852
179894,1,412,1,R,1809,R,2265,R,3114,R,4218,R,4074,R,7332,R,4923,R,6483,R,11406
179946,1,412,1,R,382,R,310,R,16,R,9,R,692,R,25,R,398,R,319,R,717
179964,1,412,1,R,263,R,636,R,570,R,833,R,899,R,1403,R,833,R,1469,R,2302
180081,1,412,1,R,201,R,160,R,164,R,214,R,361,R,378,R,365,R,374,R,739
180151,1,412,1,R,91,R,88,R,95,R,139,R,179,R,234,R,186,R,227,R,413
180179,1,412,1,R,955,R,1485,R,538,R,1337,R,2440,R,1875,R,1493,R,2822,R,4315
180197,1,412,1,R,393,R,455,R,642,R,861,R,848,R,1503,R,1035,R,1316,R,2351
180249,1,412,1,R,198,R,437,R,253,R,626,R,635,R,879,R,451,R,1063,R,1514
180276,1,412,1,R,261,R,227,R,418,R,614,R,488,R,1032,R,679,R,841,R,1520
180373,1,412,1,R,111,R,172,R,43,R,179,R,283,R,222,R,154,R,351,R,505
180416,1,412,1,R,1027,R,525,R,169,R,123,R,1552,R,292,R,1196,R,648,R,1844
180489,1,412,1,R,3506,R,4462,R,1183,R,1811,R,7968,R,2994,R,4689,R,6273,R,10962
180595,1,412,1,R,478,R,478,R,25,R,16,R,956,R,41,R,503,R,494,R,997
180647,1,412,1,R,223,R,363,R,34,R,100,R,586,R,134,R,257,R,463,R,720
180692,1,412,1,R,473,R,704,R,63,R,268,R,1177,R,331,R,536,R,972,R,1508
180814,1,412,1,R,2524,R,3062,R,1835,R,2200,R,5586,R,4035,R,4359,R,5262,R,9621
180878,1,412,1,R,50,R,358,R,25,R,283,R,408,R,308,R,75,R,641,R,716
180902,1,412,1,R,927,R,937,R,1660,R,2830,R,1864,R,4490,R,2587,R,3767,R,6354
180948,1,412,1,R,711,R,887,R,300,R,550,R,1598,R,850,R,1011,R,1437,R,2448
181002,1,412,1,R,3012,R,4107,R,641,R,1150,R,7119,R,1791,R,3653,R,5257,R,8910
181020,1,412,1,R,548,R,446,R,8,R,6,R,994,R,14,R,556,R,452,R,1008
181145,1,412,1,R,4,R,11,Z,0,Z,0,R,15,Z,0,R,4,R,11,R,15
181190,1,412,1,R,11,R,152,Z,0,Z,0,R,163,Z,0,R,11,R,152,R,163
181215,1,412,1,R,1689,R,2523,R,739,R,1376,R,4212,R,2115,R,2428,R,3899,R,6327
181242,1,412,1,R,25,R,84,R,31,R,148,R,109,R,179,R,56,R,232,R,288
181297,1,412,1,R,75,R,638,R,37,R,352,R,713,R,389,R,112,R,990,R,1102
181312,1,412,1,R,361,R,404,R,548,R,903,R,765,R,1451,R,909,R,1307,R,2216
181330,1,412,1,R,679,R,569,R,232,R,393,R,1248,R,625,R,911,R,962,R,1873
181394,1,412,1,R,4922,R,5940,R,2018,R,2551,R,10862,R,4569,R,6940,R,8491,R,15431
181400,1,412,1,R,30,R,98,R,37,R,167,R,128,R,204,R,67,R,265,R,332
181419,1,412,1,R,16,R,18,R,54,R,112,R,34,R,166,R,70,R,130,R,200
181446,1,412,1,R,716,R,998,R,99,R,282,R,1714,R,381,R,815,R,1280,R,2095
181464,1,412,1,R,11652,R,10539,R,1800,R,1829,R,22191,R,3629,R,13452,R,12368,R,25820
181491,1,412,1,R,1088,R,1006,R,1573,R,1349,R,2094,R,2922,R,2661,R,2355,R,5016
181534,1,412,1,R,460,R,680,R,348,R,626,R,1140,R,974,R,808,R,1306,R,2114
181543,1,412,1,R,12,R,4,R,9,R,2,R,16,R,11,R,21,R,6,R,27
181604,1,412,1,R,18,R,1019,R,13,R,118,R,1037,R,131,R,31,R,1137,R,1168
181640,1,412,1,R,1962,R,1864,R,2288,R,3126,R,3826,R,5414,R,4250,R,4990,R,9240
181783,1,412,1,R,1172,R,1561,R,370,R,530,R,2733,R,900,R,1542,R,2091,R,3633
182005,1,412,1,R,4567,R,5501,R,10134,R,13967,R,10068,R,24101,R,14701,R,19468,R,34169
182281,1,412,1,R,9228,R,12313,R,3872,R,5044,R,21541,R,8916,R,13100,R,17357,R,30457
182290,1,412,1,R,7862,R,8906,R,2153,R,2542,R,16768,R,4695,R,10015,R,11448,R,21463
182306,1,412,1,R,355,R,584,R,822,R,1690,R,939,R,2512,R,1177,R,2274,R,3451
182500,1,412,1,R,1359,R,1568,R,3705,R,4229,R,2927,R,7934,R,5064,R,5797,R,10861
182564,1,412,1,R,486,R,696,R,921,R,1224,R,1182,R,2145,R,1407,R,1920,R,3327
182670,1,412,1,R,3321,R,3115,R,64,R,72,R,6436,R,136,R,3385,R,3187,R,6572
183026,1,412,1,R,10994,R,18453,R,25733,R,48888,R,29447,R,74621,R,36727,R,67341,R,104068
183062,1,412,1,R,1505,R,1894,R,83,R,61,R,3399,R,144,R,1588,R,1955,R,3543
183080,1,412,1,R,2104,R,2274,R,286,R,395,R,4378,R,681,R,2390,R,2669,R,5059
183132,1,412,1,R,455,R,362,R,719,R,1038,R,817,R,1757,R,1174,R,1400,R,2574
183141,1,412,1,R,282,R,215,R,511,R,618,R,497,R,1129,R,793,R,833,R,1626
183202,1,412,1,R,1,R,49,Z,0,Z,0,R,50,Z,0,R,1,R,49,R,50
183257,1,412,1,R,292,R,611,R,309,R,813,R,903,R,1122,R,601,R,1424,R,2025
183275,1,412,1,R,38,R,52,Z,0,Z,0,R,90,Z,0,R,38,R,52,R,90
183488,1,412,1,R,29,R,229,R,19,R,99,R,258,R,118,R,48,R,328,R,376
183655,1,412,1,R,973,R,1234,R,945,R,1821,R,2207,R,2766,R,1918,R,3055,R,4973
183743,1,412,1,R,3807,R,3513,R,2812,R,3220,R,7320,R,6032,R,6619,R,6733,R,13352
183789,1,412,1,R,747,R,1698,R,223,R,800,R,2445,R,1023,R,970,R,2498,R,3468
183822,1,412,1,R,588,R,982,R,40,R,75,R,1570,R,115,R,628,R,1057,R,1685
183859,1,412,1,R,2981,R,2554,R,2690,R,3631,R,5535,R,6321,R,5671,R,6185,R,11856
183877,1,412,1,R,1989,R,2429,R,1687,R,2785,R,4418,R,4472,R,3676,R,5214,R,8890
183910,1,412,1,R,544,R,1120,R,117,R,408,R,1664,R,525,R,661,R,1528,R,2189
183974,1,412,1,R,401,R,717,R,205,R,479,R,1118,R,684,R,606,R,1196,R,1802
184056,1,412,1,R,79,R,248,R,35,R,97,R,327,R,132,R,114,R,345,R,459
184180,1,412,1,R,2084,R,1421,R,1972,R,2079,R,3505,R,4051,R,4056,R,3500,R,7556
184205,1,412,1,R,550,R,881,R,448,R,1055,R,1431,R,1503,R,998,R,1936,R,2934
184348,1,412,1,R,807,R,1075,R,168,R,213,R,1882,R,381,R,975,R,1288,R,2263
184427,1,412,1,R,211,R,9,R,93,R,5,R,220,R,98,R,304,R,14,R,318
184506,1,412,1,R,8,R,69,R,3,R,33,R,77,R,36,R,11,R,102,R,113
184603,1,412,1,R,1162,R,1640,R,1916,R,3153,R,2802,R,5069,R,3078,R,4793,R,7871
184612,1,412,1,R,460,R,1084,R,106,R,354,R,1544,R,460,R,566,R,1438,R,2004
184694,1,412,1,R,1298,R,1874,R,143,R,168,R,3172,R,311,R,1441,R,2042,R,3483
184773,1,412,1,R,413,R,1153,R,263,R,629,R,1566,R,892,R,676,R,1782,R,2458
184782,1,412,1,R,8580,R,7081,R,1652,R,2152,R,15661,R,3804,R,10232,R,9233,R,19465
184791,1,412,1,R,1807,R,2044,R,1264,R,2015,R,3851,R,3279,R,3071,R,4059,R,7130
184816,1,412,1,R,3,R,44,R,2,R,22,R,47,R,24,R,5,R,66,R,71
184959,1,412,1,R,57,R,233,R,86,R,364,R,290,R,450,R,143,R,597,R,740
184968,1,412,1,R,12,R,25,R,12,R,102,R,37,R,114,R,24,R,127,R,151
185129,1,412,1,R,2243,R,3205,R,796,R,1747,R,5448,R,2543,R,3039,R,4952,R,7991
185262,1,412,1,R,4105,R,6569,R,1135,R,2247,R,10674,R,3382,R,5240,R,8816,R,14056
185396,1,412,1,R,1005,R,33,R,320,R,10,R,1038,R,330,R,1325,R,43,R,1368
185509,1,412,1,R,1402,R,1206,R,2239,R,2839,R,2608,R,5078,R,3641,R,4045,R,7686
185536,1,412,1,R,2567,R,2477,R,2628,R,3222,R,5044,R,5850,R,5195,R,5699,R,10894
185572,1,412,1,R,2040,R,3066,R,282,R,779,R,5106,R,1061,R,2322,R,3845,R,6167
185590,1,412,1,R,6185,R,10362,R,1567,R,3001,R,16547,R,4568,R,7752,R,13363,R,21115
185651,1,412,1,R,0,R,4,R,14,R,52,R,4,R,66,R,14,R,56,R,70
185679,1,412,1,R,6,R,42,R,83,R,456,R,48,R,539,R,89,R,498,R,587
185721,1,412,1,R,112,R,198,R,54,R,123,R,310,R,177,R,166,R,321,R,487
185758,1,412,1,R,8,R,4,R,50,R,66,R,12,R,116,R,58,R,70,R,128
185828,1,412,1,R,6402,R,2170,R,2028,R,823,R,8572,R,2851,R,8430,R,2993,R,11423
185873,1,412,1,R,2101,R,2326,R,1423,R,2326,R,4427,R,3749,R,3524,R,4652,R,8176
186016,1,412,1,R,18,R,228,R,10,R,156,R,246,R,166,R,28,R,384,R,412
186034,1,412,1,R,1196,R,1414,R,1344,R,2526,R,2610,R,3870,R,2540,R,3940,R,6480
186131,1,412,1,R,4496,R,3771,R,57,R,50,R,8267,R,107,R,4553,R,3821,R,8374
186201,1,412,1,R,2242,R,2727,R,382,R,823,R,4969,R,1205,R,2624,R,3550,R,6174
186283,1,412,1,R,1586,R,2252,R,378,R,608,R,3838,R,986,R,1964,R,2860,R,4824
186371,1,412,1,R,2145,R,3231,R,755,R,1040,R,5376,R,1795,R,2900,R,4271,R,7171
186380,1,412,1,R,20578,R,22175,R,2789,R,4712,R,42753,R,7501,R,23367,R,26887,R,50254
186399,1,412,1,R,4386,R,5205,R,1945,R,1915,R,9591,R,3860,R,6331,R,7120,R,13451
186405,1,412,1,R,2,R,13,Z,0,Z,0,R,15,Z,0,R,2,R,13,R,15
186432,1,412,1,R,969,R,1612,R,262,R,609,R,2581,R,871,R,1231,R,2221,R,3452
186469,1,412,1,R,189,R,293,R,108,R,289,R,482,R,397,R,297,R,582,R,879
186584,1,412,1,R,3408,R,4181,R,1091,R,1482,R,7589,R,2573,R,4499,R,5663,R,10162
186593,1,412,1,R,18,R,67,R,1,R,29,R,85,R,30,R,19,R,96,R,115
186618,1,412,1,R,171,R,546,R,82,R,387,R,717,R,469,R,253,R,933,R,1186
186645,1,412,1,R,1684,R,1405,R,2307,R,2491,R,3089,R,4798,R,3991,R,3896,R,7887
186867,1,412,1,R,4088,R,1630,R,822,R,389,R,5718,R,1211,R,4910,R,2019,R,6929
186876,1,412,1,R,3492,R,5039,R,367,R,723,R,8531,R,1090,R,3859,R,5762,R,9621
187000,1,412,1,R,225,R,8,Z,0,Z,0,R,233,Z,0,R,225,R,8,R,233
187046,1,412,1,R,17,R,81,R,6153,R,4683,R,98,R,10836,R,6170,R,4764,R,10934
187134,1,412,1,R,2936,R,4057,R,261,R,432,R,6993,R,693,R,3197,R,4489,R,7686
187198,1,412,1,R,1917,R,2306,R,1660,R,3529,R,4223,R,5189,R,3577,R,5835,R,9412
187444,1,412,1,R,3361,R,4237,R,957,R,1643,R,7598,R,2600,R,4318,R,5880,R,10198
187532,1,412,1,R,2897,R,3448,R,6943,R,10265,R,6345,R,17208,R,9840,R,13713,R,23553
187620,1,412,1,R,1522,R,1895,R,1770,R,2689,R,3417,R,4459,R,3292,R,4584,R,7876
187639,1,412,1,R,228,R,544,R,724,R,1611,R,772,R,2335,R,952,R,2155,R,3107
187648,1,412,1,R,1137,R,1666,R,1337,R,1865,R,2803,R,3202,R,2474,R,3531,R,6005
187666,1,412,1,R,413,R,559,R,606,R,849,R,972,R,1455,R,1019,R,1408,R,2427
187897,1,412,1,R,715,R,1159,R,318,R,845,R,1874,R,1163,R,1033,R,2004,R,3037
187912,1,412,1,R,334,R,78,Z,0,Z,0,R,412,Z,0,R,334,R,78,R,412
187958,1,412,1,R,335,R,548,R,466,R,841,R,883,R,1307,R,801,R,1389,R,2190
187967,1,412,1,R,1061,R,414,R,188,R,232,R,1475,R,420,R,1249,R,646,R,1895
187976,1,412,1,R,85,R,89,R,268,R,429,R,174,R,697,R,353,R,518,R,871
187985,1,412,1,R,7496,R,9401,R,3212,R,4210,R,16897,R,7422,R,10708,R,13611,R,24319
187994,1,412,1,R,141,R,243,R,467,R,785,R,384,R,1252,R,608,R,1028,R,1636
188003,1,412,1,R,117,R,257,R,559,R,858,R,374,R,1417,R,676,R,1115,R,1791
188021,1,412,1,R,52,R,112,R,259,R,573,R,164,R,832,R,311,R,685,R,996
188030,1,412,1,R,4973,R,6160,R,1374,R,1782,R,11133,R,3156,R,6347,R,7942,R,14289
188049,1,412,1,R,207,R,355,R,557,R,922,R,562,R,1479,R,764,R,1277,R,2041
188100,1,412,1,R,950,R,1424,R,1330,R,2975,R,2374,R,4305,R,2280,R,4399,R,6679
188137,1,412,1,R,456,R,594,R,1227,R,1930,R,1050,R,3157,R,1683,R,2524,R,4207
188216,1,412,1,R,144,R,175,R,15,R,33,R,319,R,48,R,159,R,208,R,367
188225,1,412,1,R,114,R,187,R,319,R,599,R,301,R,918,R,433,R,786,R,1219
188289,1,412,1,R,1,R,14,R,6,R,45,R,15,R,51,R,7,R,59,R,66
188429,1,412,1,R,2020,R,4542,R,476,R,1108,R,6562,R,1584,R,2496,R,5650,R,8146
188438,1,412,1,R,966,R,1124,R,667,R,970,R,2090,R,1637,R,1633,R,2094,R,3727
188517,1,412,1,R,108,R,179,R,23,R,109,R,287,R,132,R,131,R,288,R,419
188641,1,412,1,R,872,R,855,R,132,R,443,R,1727,R,575,R,1004,R,1298,R,2302
188687,1,412,1,R,20,R,41,R,145,R,234,R,61,R,379,R,165,R,275,R,440
189097,1,412,1,R,0,R,2519,R,0,R,43,R,2519,R,43,R,0,R,2562,R,2562
189219,1,412,1,R,253,R,8,Z,0,Z,0,R,261,Z,0,R,253,R,8,R,261
189228,1,412,1,R,1063,R,1771,R,259,R,603,R,2834,R,862,R,1322,R,2374,R,3696
189413,1,412,1,R,139,R,592,Z,0,Z,0,R,731,Z,0,R,139,R,592,R,731
189547,1,412,1,R,1641,R,2130,R,1150,R,1586,R,3771,R,2736,R,2791,R,3716,R,6507
189556,1,412,1,R,27,R,149,R,36,R,105,R,176,R,141,R,63,R,254,R,317
189565,1,412,1,R,63,R,110,R,22,R,68,R,173,R,90,R,85,R,178,R,263
189574,1,412,1,R,107,R,226,R,19,R,61,R,333,R,80,R,126,R,287,R,413
189583,1,412,1,R,91,R,235,R,36,R,137,R,326,R,173,R,127,R,372,R,499
189592,1,412,1,R,37,R,119,R,10,R,57,R,156,R,67,R,47,R,176,R,223
189705,1,412,1,R,1301,R,1339,R,275,R,329,R,2640,R,604,R,1576,R,1668,R,3244
189839,1,412,1,R,554,R,866,R,920,R,1435,R,1420,R,2355,R,1474,R,2301,R,3775
189981,1,412,1,R,27,R,1,R,24,R,12,R,28,R,36,R,51,R,13,R,64
190044,1,412,1,R,2396,R,1255,R,419,R,204,R,3651,R,623,R,2815,R,1459,R,4274
190071,1,412,1,R,3,R,23,R,7,R,74,R,26,R,81,R,10,R,97,R,107
190099,1,412,1,R,1315,R,1629,R,14,R,11,R,2944,R,25,R,1329,R,1640,R,2969
190114,1,412,1,R,248,R,667,R,44,R,68,R,915,R,112,R,292,R,735,R,1027
190169,1,412,1,R,261,R,361,R,331,R,631,R,622,R,962,R,592,R,992,R,1584
190239,1,412,1,R,4,R,95,R,2,R,40,R,99,R,42,R,6,R,135,R,141
190248,1,412,1,R,307,R,1183,R,40,R,207,R,1490,R,247,R,347,R,1390,R,1737
190372,1,412,1,R,560,R,339,R,42,R,11,R,899,R,53,R,602,R,350,R,952
190415,1,412,1,R,11659,R,11840,R,39,R,62,R,23499,R,101,R,11698,R,11902,R,23600
190442,1,412,1,R,769,R,894,R,703,R,1058,R,1663,R,1761,R,1472,R,1952,R,3424
190503,1,412,1,R,1464,R,1526,Z,0,Z,0,R,2990,Z,0,R,1464,R,1526,R,2990
190716,1,412,1,R,666,R,1480,R,169,R,730,R,2146,R,899,R,835,R,2210,R,3045
190840,1,412,1,R,1772,R,1894,R,2121,R,2795,R,3666,R,4916,R,3893,R,4689,R,8582
190974,1,412,1,R,23,R,82,R,8,R,33,R,105,R,41,R,31,R,115,R,146
190983,1,412,1,R,243,R,504,R,48,R,97,R,747,R,145,R,291,R,601,R,892
191083,1,412,1,R,3449,R,3257,R,1659,R,2164,R,6706,R,3823,R,5108,R,5421,R,10529
191126,1,412,1,R,1194,R,6212,R,261,R,1100,R,7406,R,1361,R,1455,R,7312,R,8767
191199,1,412,1,R,1127,R,1250,R,1452,R,2115,R,2377,R,3567,R,2579,R,3365,R,5944
191241,1,412,1,R,5568,R,8168,R,959,R,1820,R,13736,R,2779,R,6527,R,9988,R,16515
191302,1,412,1,R,501,R,638,R,539,R,773,R,1139,R,1312,R,1040,R,1411,R,2451
191339,1,412,1,R,744,R,1303,R,1305,R,2178,R,2047,R,3483,R,2049,R,3481,R,5530
191533,1,412,1,R,481,R,675,R,5,R,15,R,1156,R,20,R,486,R,690,R,1176
191612,1,412,1,R,613,R,783,R,371,R,631,R,1396,R,1002,R,984,R,1414,R,2398
191649,1,412,1,R,4014,R,5317,R,577,R,963,R,9331,R,1540,R,4591,R,6280,R,10871
191719,1,412,1,R,3235,R,2401,R,2295,R,2965,R,5636,R,5260,R,5530,R,5366,R,10896
191931,1,412,1,R,1581,R,1725,R,273,R,347,R,3306,R,620,R,1854,R,2072,R,3926
191940,1,412,1,R,7,R,71,Z,0,Z,0,R,78,Z,0,R,7,R,71,R,78
191986,1,412,1,R,829,R,1106,R,1024,R,1517,R,1935,R,2541,R,1853,R,2623,R,4476
192004,1,412,1,R,89,R,202,R,3,R,4,R,291,R,7,R,92,R,206,R,298
192022,1,412,1,R,763,R,1039,R,551,R,924,R,1802,R,1475,R,1314,R,1963,R,3277
192192,1,412,1,R,398,R,1134,R,74,R,320,R,1532,R,394,R,472,R,1454,R,1926
192271,1,412,1,R,166,R,1378,R,22,R,215,R,1544,R,237,R,188,R,1593,R,1781
192448,1,412,1,R,2691,R,5806,R,2268,R,4431,R,8497,R,6699,R,4959,R,10237,R,15196
192749,1,412,1,R,732,R,1107,R,173,R,482,R,1839,R,655,R,905,R,1589,R,2494
192785,1,412,1,R,37,R,206,R,74,R,595,R,243,R,669,R,111,R,801,R,912
192800,1,412,1,R,1,R,9,R,1,R,13,R,10,R,14,R,2,R,22,R,24
192819,1,412,1,R,2260,R,3180,R,521,R,663,R,5440,R,1184,R,2781,R,3843,R,6624
193016,1,412,1,R,2061,R,4106,R,714,R,2150,R,6167,R,2864,R,2775,R,6256,R,9031
193265,1,412,1,R,64,R,0,R,20,R,2,R,64,R,22,R,84,R,2,R,86
193283,1,412,1,R,1574,R,1587,R,1367,R,1789,R,3161,R,3156,R,2941,R,3376,R,6317
193292,1,412,1,R,889,R,2206,R,328,R,1506,R,3095,R,1834,R,1217,R,3712,R,4929
193326,1,412,1,R,3523,R,3960,R,2224,R,2566,R,7483,R,4790,R,5747,R,6526,R,12273
193353,1,412,1,R,544,R,1192,R,100,R,516,R,1736,R,616,R,644,R,1708,R,2352
193584,1,412,1,R,647,R,1918,R,78,R,344,R,2565,R,422,R,725,R,2262,R,2987
193609,1,412,1,R,40,R,43,Z,0,Z,0,R,83,Z,0,R,40,R,43,R,83
193654,1,412,1,R,2553,R,6687,R,378,R,926,R,9240,R,1304,R,2931,R,7613,R,10544
193821,1,412,1,R,324,R,467,R,115,R,136,R,791,R,251,R,439,R,603,R,1042
193830,1,412,1,R,500,R,712,R,75,R,175,R,1212,R,250,R,575,R,887,R,1462
193900,1,412,1,R,18461,R,24679,R,3572,R,5135,R,43140,R,8707,R,22033,R,29814,R,51847
193946,1,412,1,R,1355,R,1607,R,808,R,1277,R,2962,R,2085,R,2163,R,2884,R,5047
193973,1,412,1,R,1178,R,2002,R,177,R,406,R,3180,R,583,R,1355,R,2408,R,3763
193991,1,412,1,R,1,R,27,Z,0,Z,0,R,28,Z,0,R,1,R,27,R,28
194028,1,412,1,R,326,R,464,R,444,R,744,R,790,R,1188,R,770,R,1208,R,1978
194091,1,412,1,R,3440,R,2678,R,563,R,492,R,6118,R,1055,R,4003,R,3170,R,7173
194116,1,412,1,R,39,R,238,R,21,R,239,R,277,R,260,R,60,R,477,R,537
194222,1,412,1,R,2398,R,2327,R,2334,R,2775,R,4725,R,5109,R,4732,R,5102,R,9834
194240,1,412,1,R,1366,R,1598,R,1366,R,2287,R,2964,R,3653,R,2732,R,3885,R,6617
194392,1,412,1,R,495,R,236,R,7,R,7,R,731,R,14,R,502,R,243,R,745
194499,1,412,1,R,160,R,663,R,16,R,63,R,823,R,79,R,176,R,726,R,902
194578,1,412,1,R,1375,R,3355,R,83,R,202,R,4730,R,285,R,1458,R,3557,R,5015
194824,1,412,1,R,5304,R,2494,R,64,R,33,R,7798,R,97,R,5368,R,2527,R,7895
195003,1,412,1,R,9879,R,4988,R,1098,R,498,R,14867,R,1596,R,10977,R,5486,R,16463
195058,1,412,1,R,1901,R,1641,R,1295,R,2022,R,3542,R,3317,R,3196,R,3663,R,6859
195067,1,412,1,R,18,R,294,R,8,R,112,R,312,R,120,R,26,R,406,R,432
195128,1,412,1,R,373,R,1414,R,167,R,679,R,1787,R,846,R,540,R,2093,R,2633
195173,1,412,1,R,879,R,1360,R,73,R,101,R,2239,R,174,R,952,R,1461,R,2413
195234,1,412,1,R,875,R,1956,R,273,R,879,R,2831,R,1152,R,1148,R,2835,R,3983
195243,1,412,1,R,609,R,620,R,324,R,447,R,1229,R,771,R,933,R,1067,R,2000
195322,1,412,1,R,810,R,919,R,1486,R,2016,R,1729,R,3502,R,2296,R,2935,R,5231
195474,1,412,1,R,1387,R,1709,R,54,R,71,R,3096,R,125,R,1441,R,1780,R,3221
195526,1,412,1,R,1002,R,1583,R,11,R,17,R,2585,R,28,R,1013,R,1600,R,2613
195544,1,412,1,R,272,R,593,R,79,R,235,R,865,R,314,R,351,R,828,R,1179
195562,1,412,1,R,894,R,1907,R,328,R,986,R,2801,R,1314,R,1222,R,2893,R,4115
195702,1,412,1,R,11,R,90,R,9,R,87,R,101,R,96,R,20,R,177,R,197
195720,1,412,1,R,1287,R,1874,R,141,R,410,R,3161,R,551,R,1428,R,2284,R,3712
195809,1,412,1,R,6131,R,8390,R,2789,R,4325,R,14521,R,7114,R,8920,R,12715,R,21635
195988,1,412,1,R,386,R,398,R,308,R,442,R,784,R,750,R,694,R,840,R,1534
196006,1,412,1,R,2242,R,1214,R,90,R,191,R,3456,R,281,R,2332,R,1405,R,3737
196015,1,412,1,R,1219,R,1524,R,165,R,305,R,2743,R,470,R,1384,R,1829,R,3213
196024,1,412,1,R,1287,R,1235,R,170,R,540,R,2522,R,710,R,1457,R,1775,R,3232
196033,1,412,1,R,973,R,1088,R,98,R,119,R,2061,R,217,R,1071,R,1207,R,2278
196042,1,412,1,R,4546,R,3170,R,1113,R,1141,R,7716,R,2254,R,5659,R,4311,R,9970
196051,1,412,1,R,1302,R,1206,R,233,R,245,R,2508,R,478,R,1535,R,1451,R,2986
196060,1,412,1,R,7178,R,7878,R,1171,R,1717,R,15056,R,2888,R,8349,R,9595,R,17944
196079,1,412,1,R,7898,R,7850,R,1061,R,959,R,15748,R,2020,R,8959,R,8809,R,17768
196088,1,412,1,R,14608,R,11867,R,2445,R,2583,R,26475,R,5028,R,17053,R,14450,R,31503
196097,1,412,1,R,11129,R,10577,R,1587,R,2963,R,21706,R,4550,R,12716,R,13540,R,26256
196103,1,412,1,R,1048,R,959,R,113,R,100,R,2007,R,213,R,1161,R,1059,R,2220
196112,1,412,1,R,1493,R,652,R,321,R,557,R,2145,R,878,R,1814,R,1209,R,3023
196121,1,412,1,R,2892,R,3804,R,541,R,1050,R,6696,R,1591,R,3433,R,4854,R,8287
196130,1,412,1,R,3170,R,4524,R,640,R,784,R,7694,R,1424,R,3810,R,5308,R,9118
196149,1,412,1,R,2752,R,3639,R,189,R,278,R,6391,R,467,R,2941,R,3917,R,6858
196158,1,412,1,R,1861,R,2604,R,78,R,112,R,4465,R,190,R,1939,R,2716,R,4655
196167,1,412,1,R,2083,R,3340,R,79,R,110,R,5423,R,189,R,2162,R,3450,R,5612
196176,1,412,1,R,2475,R,4164,R,351,R,618,R,6639,R,969,R,2826,R,4782,R,7608
196185,1,412,1,R,2301,R,3768,R,117,R,357,R,6069,R,474,R,2418,R,4125,R,6543
196194,1,412,1,R,3521,R,3583,R,388,R,494,R,7104,R,882,R,3909,R,4077,R,7986
196200,1,412,1,R,1334,R,2056,R,56,R,75,R,3390,R,131,R,1390,R,2131,R,3521
196219,1,412,1,R,1612,R,2246,R,158,R,218,R,3858,R,376,R,1770,R,2464,R,4234
196228,1,412,1,R,119,R,289,Z,0,Z,0,R,408,Z,0,R,119,R,289,R,408
196237,1,412,1,R,1718,R,2593,R,328,R,448,R,4311,R,776,R,2046,R,3041,R,5087
196246,1,412,1,R,2175,R,2948,R,214,R,367,R,5123,R,581,R,2389,R,3315,R,5704
196255,1,412,1,R,583,R,945,R,97,R,221,R,1528,R,318,R,680,R,1166,R,1846
196264,1,412,1,R,1084,R,2604,R,2778,R,3958,R,3688,R,6736,R,3862,R,6562,R,10424
196291,1,412,1,R,1412,R,207,R,88,R,27,R,1619,R,115,R,1500,R,234,R,1734
196307,1,412,1,R,567,R,771,R,42,R,200,R,1338,R,242,R,609,R,971,R,1580
196413,1,412,1,R,8960,R,10224,R,1943,R,1676,R,19184,R,3619,R,10903,R,11900,R,22803
196468,1,412,1,R,469,R,1928,R,505,R,1647,R,2397,R,2152,R,974,R,3575,R,4549
196565,1,412,1,R,740,R,865,R,292,R,476,R,1605,R,768,R,1032,R,1341,R,2373
196592,1,412,1,R,2662,R,4823,R,902,R,3413,R,7485,R,4315,R,3564,R,8236,R,11800
196653,1,412,1,R,79,R,510,R,143,R,617,R,589,R,760,R,222,R,1127,R,1349
196699,1,412,1,R,730,R,690,R,960,R,1174,R,1420,R,2134,R,1690,R,1864,R,3554
196866,1,412,1,R,1184,R,1011,R,1,R,1,R,2195,R,2,R,1185,R,1012,R,2197
196884,1,412,1,R,85,R,135,R,12,R,10,R,220,R,22,R,97,R,145,R,242
197027,1,412,1,R,814,R,182,R,17,R,2,R,996,R,19,R,831,R,184,R,1015
197036,1,412,1,R,3545,R,1044,Z,0,Z,0,R,4589,Z,0,R,3545,R,1044,R,4589
197045,1,412,1,R,1324,R,1828,R,843,R,1201,R,3152,R,2044,R,2167,R,3029,R,5196
197151,1,412,1,R,1247,R,2960,R,61,R,122,R,4207,R,183,R,1308,R,3082,R,4390
197285,1,412,1,R,271,R,446,R,36,R,136,R,717,R,172,R,307,R,582,R,889
197294,1,412,1,R,3188,R,2968,R,2265,R,3114,R,6156,R,5379,R,5453,R,6082,R,11535
197337,1,412,1,R,0,R,46,R,2,R,26,R,46,R,28,R,2,R,72,R,74
197708,1,412,1,R,2492,R,2887,R,535,R,565,R,5379,R,1100,R,3027,R,3452,R,6479
197814,1,412,1,R,357,R,642,R,545,R,1013,R,999,R,1558,R,902,R,1655,R,2557
197850,1,412,1,R,223,R,345,R,793,R,1486,R,568,R,2279,R,1016,R,1831,R,2847
197869,1,412,1,R,7531,R,9760,R,610,R,1207,R,17291,R,1817,R,8141,R,10967,R,19108
197887,1,412,1,R,971,R,1271,R,1870,R,2780,R,2242,R,4650,R,2841,R,4051,R,6892
197911,1,412,1,R,372,R,601,R,12,R,74,R,973,R,86,R,384,R,675,R,1059
198066,1,412,1,R,390,R,297,R,7,R,8,R,687,R,15,R,397,R,305,R,702
198109,1,412,1,R,14,R,165,R,22,R,232,R,179,R,254,R,36,R,397,R,433
198118,1,412,1,R,533,R,751,R,906,R,1391,R,1284,R,2297,R,1439,R,2142,R,3581
198136,1,412,1,R,2416,R,3041,R,555,R,436,R,5457,R,991,R,2971,R,3477,R,6448
198233,1,412,1,R,781,R,903,R,1265,R,1661,R,1684,R,2926,R,2046,R,2564,R,4610
198260,1,412,1,R,3194,R,3587,R,5265,R,6778,R,6781,R,12043,R,8459,R,10365,R,18824
198303,1,412,1,R,668,R,688,R,13,R,30,R,1356,R,43,R,681,R,718,R,1399
198330,1,412,1,R,763,R,1114,R,753,R,1234,R,1877,R,1987,R,1516,R,2348,R,3864
198367,1,412,1,R,480,R,558,R,780,R,1185,R,1038,R,1965,R,1260,R,1743,R,3003
198376,1,412,1,R,601,R,845,R,742,R,1466,R,1446,R,2208,R,1343,R,2311,R,3654
198385,1,412,1,R,956,R,887,Z,0,Z,0,R,1843,Z,0,R,956,R,887,R,1843
198455,1,412,1,R,619,R,757,R,1442,R,2616,R,1376,R,4058,R,2061,R,3373,R,5434
198464,1,412,1,R,9367,R,12720,R,2469,R,4162,R,22087,R,6631,R,11836,R,16882,R,28718
198507,1,412,1,R,625,R,808,R,82,R,162,R,1433,R,244,R,707,R,970,R,1677
198516,1,412,1,R,2669,R,4034,R,118,R,170,R,6703,R,288,R,2787,R,4204,R,6991
198534,1,412,1,R,1803,R,2706,R,2936,R,4089,R,4509,R,7025,R,4739,R,6795,R,11534
198543,1,412,1,R,1431,R,3025,R,627,R,1235,R,4456,R,1862,R,2058,R,4260,R,6318
198552,1,412,1,R,1378,R,1553,R,1763,R,3085,R,2931,R,4848,R,3141,R,4638,R,7779
198598,1,412,1,R,411,R,383,R,68,R,164,R,794,R,232,R,479,R,547,R,1026
198622,1,412,1,R,1953,R,2363,R,2461,R,3743,R,4316,R,6204,R,4414,R,6106,R,10520
198668,1,412,1,R,286,R,288,R,351,R,702,R,574,R,1053,R,637,R,990,R,1627
198677,1,412,1,R,9,R,14,R,5,R,4,R,23,R,9,R,14,R,18,R,32
198710,1,412,1,R,322,R,420,R,464,R,735,R,742,R,1199,R,786,R,1155,R,1941
198729,1,412,1,R,109,R,225,R,254,R,525,R,334,R,779,R,363,R,750,R,1113
198756,1,412,1,R,556,R,943,R,29,R,37,R,1499,R,66,R,585,R,980,R,1565
198808,1,412,1,R,325,R,590,R,7,R,44,R,915,R,51,R,332,R,634,R,966
198817,1,412,1,R,351,R,558,R,693,R,1091,R,909,R,1784,R,1044,R,1649,R,2693
198835,1,412,1,R,775,R,1302,R,187,R,436,R,2077,R,623,R,962,R,1738,R,2700
198844,1,412,1,R,1,R,177,Z,0,Z,0,R,178,Z,0,R,1,R,177,R,178
198871,1,412,1,R,385,R,206,R,2,R,1,R,591,R,3,R,387,R,207,R,594
198905,1,412,1,R,65,R,172,R,212,R,351,R,237,R,563,R,277,R,523,R,800
198914,1,412,1,R,123,R,199,R,346,R,414,R,322,R,760,R,469,R,613,R,1082
198923,1,412,1,R,121,R,204,R,296,R,484,R,325,R,780,R,417,R,688,R,1105
198950,1,412,1,R,16,R,1650,R,27,R,212,R,1666,R,239,R,43,R,1862,R,1905
198969,1,412,1,R,927,R,930,R,102,R,133,R,1857,R,235,R,1029,R,1063,R,2092
198987,1,412,1,R,427,R,547,R,831,R,1359,R,974,R,2190,R,1258,R,1906,R,3164
199023,1,412,1,R,171,R,162,R,170,R,333,R,333,R,503,R,341,R,495,R,836
199087,1,412,1,R,445,R,602,R,794,R,1214,R,1047,R,2008,R,1239,R,1816,R,3055
199102,1,412,1,R,4474,R,5984,R,749,R,935,R,10458,R,1684,R,5223,R,6919,R,12142
199111,1,412,1,R,1349,R,1884,R,262,R,267,R,3233,R,529,R,1611,R,2151,R,3762
199120,1,412,1,R,10284,R,14936,R,2279,R,2512,R,25220,R,4791,R,12563,R,17448,R,30011
199139,1,412,1,R,12490,R,11099,R,2777,R,3344,R,23589,R,6121,R,15267,R,14443,R,29710
199148,1,412,1,R,5334,R,10505,R,1286,R,2981,R,15839,R,4267,R,6620,R,13486,R,20106
199157,1,412,1,R,2081,R,4483,R,452,R,1191,R,6564,R,1643,R,2533,R,5674,R,8207
199184,1,412,1,R,487,R,548,R,4,R,3,R,1035,R,7,R,491,R,551,R,1042
199193,1,412,1,R,14986,R,13382,R,3931,R,3180,R,28368,R,7111,R,18917,R,16562,R,35479
199218,1,412,1,R,5112,R,7963,R,989,R,2683,R,13075,R,3672,R,6101,R,10646,R,16747
199281,1,412,1,R,2046,R,3228,R,631,R,1232,R,5274,R,1863,R,2677,R,4460,R,7137
199324,1,412,1,R,154,R,184,R,341,R,608,R,338,R,949,R,495,R,792,R,1287
199607,1,412,1,R,9,R,552,R,22,R,259,R,561,R,281,R,31,R,811,R,842
199689,1,412,1,R,5,R,125,R,1,R,28,R,130,R,29,R,6,R,153,R,159
199722,1,412,1,R,220,R,259,R,283,R,686,R,479,R,969,R,503,R,945,R,1448
199731,1,412,1,R,299,R,526,R,622,R,919,R,825,R,1541,R,921,R,1445,R,2366
199795,1,412,1,R,158,R,255,R,220,R,330,R,413,R,550,R,378,R,585,R,963
199847,1,412,1,R,3704,R,4176,R,134,R,387,R,7880,R,521,R,3838,R,4563,R,8401
199883,1,412,1,R,13,R,139,Z,0,Z,0,R,152,Z,0,R,13,R,139,R,152
199892,1,412,1,R,546,R,701,R,728,R,1263,R,1247,R,1991,R,1274,R,1964,R,3238
199926,1,412,1,R,529,R,566,R,637,R,869,R,1095,R,1506,R,1166,R,1435,R,2601
199999,1,412,1,R,1251,R,3160,R,174,R,605,R,4411,R,779,R,1425,R,3765,R,5190
200004,1,412,1,R,4224,R,5157,R,823,R,1435,R,9381,R,2258,R,5047,R,6592,R,11639
200013,1,412,1,R,67,R,300,R,37,R,211,R,367,R,248,R,104,R,511,R,615
200022,1,412,1,R,1225,R,815,R,909,R,829,R,2040,R,1738,R,2134,R,1644,R,3778
200059,1,412,1,R,384,R,518,R,171,R,319,R,902,R,490,R,555,R,837,R,1392
200086,1,412,1,R,37,R,89,R,29,R,43,R,126,R,72,R,66,R,132,R,198
200192,1,412,1,R,252,R,286,R,641,R,893,R,538,R,1534,R,893,R,1179,R,2072
200217,1,412,1,R,945,R,1627,R,479,R,745,R,2572,R,1224,R,1424,R,2372,R,3796
200226,1,412,1,R,278,R,335,R,171,R,400,R,613,R,571,R,449,R,735,R,1184
200305,1,412,1,R,1009,R,580,R,623,R,745,R,1589,R,1368,R,1632,R,1325,R,2957
200314,1,412,1,R,188,R,207,R,234,R,367,R,395,R,601,R,422,R,574,R,996
200332,1,412,1,R,6218,R,5051,R,1139,R,1388,R,11269,R,2527,R,7357,R,6439,R,13796
200341,1,412,1,R,264,R,381,R,157,R,322,R,645,R,479,R,421,R,703,R,1124
200387,1,412,1,R,0,R,25,Z,0,Z,0,R,25,Z,0,R,0,R,25,R,25
200484,1,412,1,R,116,R,76,R,32,R,29,R,192,R,61,R,148,R,105,R,253
200572,1,412,1,R,398,R,474,R,221,R,454,R,872,R,675,R,619,R,928,R,1547
200590,1,412,1,R,22,R,66,R,15,R,26,R,88,R,41,R,37,R,92,R,129
200800,1,412,1,R,7589,R,6656,R,2086,R,2400,R,14245,R,4486,R,9675,R,9056,R,18731
200846,1,412,1,R,249,R,332,R,464,R,638,R,581,R,1102,R,713,R,970,R,1683
201061,1,412,1,R,55,R,136,R,2,R,8,R,191,R,10,R,57,R,144,R,201
201195,1,412,1,R,1459,R,1804,R,171,R,275,R,3263,R,446,R,1630,R,2079,R,3709
201432,1,412,1,R,345,R,641,R,344,R,667,R,986,R,1011,R,689,R,1308,R,1997
201441,1,412,1,R,6241,R,8082,R,1369,R,1848,R,14323,R,3217,R,7610,R,9930,R,17540
201469,1,412,1,R,24,R,182,R,11,R,92,R,206,R,103,R,35,R,274,R,309
201548,1,412,1,R,1097,R,1702,R,142,R,272,R,2799,R,414,R,1239,R,1974,R,3213
201645,1,412,1,R,5323,R,5339,R,457,R,771,R,10662,R,1228,R,5780,R,6110,R,11890
201654,1,412,1,R,1680,R,1939,R,229,R,302,R,3619,R,531,R,1909,R,2241,R,4150
201821,1,412,1,R,50,R,439,R,28,R,385,R,489,R,413,R,78,R,824,R,902
201858,1,412,1,R,419,R,212,R,86,R,59,R,631,R,145,R,505,R,271,R,776
201885,1,412,1,R,14696,R,13959,R,3163,R,6068,R,28655,R,9231,R,17859,R,20027,R,37886
201946,1,412,1,R,736,R,882,R,576,R,823,R,1618,R,1399,R,1312,R,1705,R,3017
201955,1,412,1,R,1397,R,1803,R,603,R,1067,R,3200,R,1670,R,2000,R,2870,R,4870
202073,1,412,1,R,188,R,208,R,1,R,5,R,396,R,6,R,189,R,213,R,402
202170,1,412,1,R,320,R,749,R,9,R,16,R,1069,R,25,R,329,R,765,R,1094
202222,1,412,1,R,3456,R,3369,R,9320,R,11198,R,6825,R,20518,R,12776,R,14567,R,27343
202356,1,412,1,R,3189,R,3791,R,6148,R,10312,R,6980,R,16460,R,9337,R,14103,R,23440
202453,1,412,1,R,25,R,5,R,14,R,4,R,30,R,18,R,39,R,9,R,48
202480,1,412,1,R,5221,R,4816,R,599,R,605,R,10037,R,1204,R,5820,R,5421,R,11241
202648,1,412,1,R,405,R,460,R,1055,R,1756,R,865,R,2811,R,1460,R,2216,R,3676
202684,1,412,1,R,23,R,85,R,22,R,72,R,108,R,94,R,45,R,157,R,202
202763,1,412,1,R,1028,R,2064,R,700,R,1078,R,3092,R,1778,R,1728,R,3142,R,4870
203067,1,412,1,R,122,R,160,R,25,R,45,R,282,R,70,R,147,R,205,R,352
203085,1,412,1,R,568,R,548,R,22,R,81,R,1116,R,103,R,590,R,629,R,1219
203128,1,412,1,R,376,R,448,R,162,R,269,R,824,R,431,R,538,R,717,R,1255
203368,1,412,1,R,1654,R,1576,R,148,R,177,R,3230,R,325,R,1802,R,1753,R,3555
203447,1,412,1,R,152,R,274,R,586,R,1014,R,426,R,1600,R,738,R,1288,R,2026
203456,1,412,1,R,33,R,71,R,328,R,691,R,104,R,1019,R,361,R,762,R,1123
203465,1,412,1,R,721,R,1047,R,1126,R,1877,R,1768,R,3003,R,1847,R,2924,R,4771
203474,1,412,1,R,220,R,371,R,639,R,1014,R,591,R,1653,R,859,R,1385,R,2244
203483,1,412,1,R,320,R,428,R,598,R,822,R,748,R,1420,R,918,R,1250,R,2168
203492,1,412,1,R,106,R,366,R,385,R,840,R,472,R,1225,R,491,R,1206,R,1697
203517,1,412,1,R,8262,R,13438,R,2317,R,4105,R,21700,R,6422,R,10579,R,17543,R,28122
203526,1,412,1,R,228,R,268,R,576,R,1107,R,496,R,1683,R,804,R,1375,R,2179
203544,1,412,1,R,74,R,472,R,64,R,229,R,546,R,293,R,138,R,701,R,839
203580,1,412,1,R,362,R,393,R,153,R,252,R,755,R,405,R,515,R,645,R,1160
203599,1,412,1,R,930,R,1081,R,1812,R,3042,R,2011,R,4854,R,2742,R,4123,R,6865
203678,1,412,1,R,269,R,495,R,1186,R,2052,R,764,R,3238,R,1455,R,2547,R,4002
203720,1,412,1,R,16,R,108,R,20,R,55,R,124,R,75,R,36,R,163,R,199
203739,1,412,1,R,12,R,82,R,13,R,53,R,94,R,66,R,25,R,135,R,160
203748,1,412,1,R,1171,R,1566,R,2937,R,4970,R,2737,R,7907,R,4108,R,6536,R,10644
203845,1,412,1,R,608,R,461,R,24,R,37,R,1069,R,61,R,632,R,498,R,1130
203960,1,412,1,R,70,R,364,R,146,R,931,R,434,R,1077,R,216,R,1295,R,1511
204006,1,412,1,R,830,R,965,R,430,R,426,R,1795,R,856,R,1260,R,1391,R,2651
204015,1,412,1,R,551,R,620,R,294,R,366,R,1171,R,660,R,845,R,986,R,1831
204024,1,412,1,R,8774,R,8938,R,698,R,1524,R,17712,R,2222,R,9472,R,10462,R,19934
204194,1,412,1,R,655,R,1073,R,162,R,353,R,1728,R,515,R,817,R,1426,R,2243
204200,1,412,1,R,558,R,713,R,198,R,693,R,1271,R,891,R,756,R,1406,R,2162
204255,1,412,1,R,319,R,380,R,653,R,923,R,699,R,1576,R,972,R,1303,R,2275
204486,1,412,1,R,2630,R,516,R,149,R,125,R,3146,R,274,R,2779,R,641,R,3420
204617,1,412,1,R,519,R,595,R,204,R,398,R,1114,R,602,R,723,R,993,R,1716
204635,1,412,1,R,1443,R,1403,R,104,R,89,R,2846,R,193,R,1547,R,1492,R,3039
204662,1,412,1,R,314,R,297,R,42,R,34,R,611,R,76,R,356,R,331,R,687
204671,1,412,1,R,395,R,456,R,69,R,90,R,851,R,159,R,464,R,546,R,1010
204680,1,412,1,R,418,R,465,R,104,R,112,R,883,R,216,R,522,R,577,R,1099
204699,1,412,1,R,531,R,498,R,111,R,112,R,1029,R,223,R,642,R,610,R,1252
204705,1,412,1,R,1238,R,1224,R,190,R,230,R,2462,R,420,R,1428,R,1454,R,2882
204714,1,412,1,R,3,R,87,Z,0,Z,0,R,90,Z,0,R,3,R,87,R,90
204796,1,412,1,R,26496,R,26633,R,3899,R,4142,R,53129,R,8041,R,30395,R,30775,R,61170
204802,1,412,1,R,127,R,208,R,62,R,115,R,335,R,177,R,189,R,323,R,512
204820,1,412,1,R,331,R,670,R,205,R,380,R,1001,R,585,R,536,R,1050,R,1586
204839,1,412,1,R,253,R,553,R,133,R,296,R,806,R,429,R,386,R,849,R,1235
204848,1,412,1,R,425,R,579,R,212,R,352,R,1004,R,564,R,637,R,931,R,1568
204857,1,412,1,R,9247,R,10937,R,2615,R,5681,R,20184,R,8296,R,11862,R,16618,R,28480
204866,1,412,1,R,219,R,562,R,111,R,211,R,781,R,322,R,330,R,773,R,1103
204936,1,412,1,R,893,R,1435,R,172,R,386,R,2328,R,558,R,1065,R,1821,R,2886
204945,1,412,1,R,1203,R,1303,R,3647,R,3307,R,2506,R,6954,R,4850,R,4610,R,9460
204963,1,412,1,R,2,R,21,R,0,R,10,R,23,R,10,R,2,R,31,R,33
205443,1,412,1,R,1225,R,1455,R,209,R,364,R,2680,R,573,R,1434,R,1819,R,3253
205470,1,412,1,R,2222,R,2325,R,5713,R,8316,R,4547,R,14029,R,7935,R,10641,R,18576
205841,1,412,1,R,1448,R,1692,R,3321,R,5193,R,3140,R,8514,R,4769,R,6885,R,11654
205966,1,412,1,R,288,R,480,R,563,R,1124,R,768,R,1687,R,851,R,1604,R,2455
206279,1,412,1,R,175,R,286,R,222,R,242,R,461,R,464,R,397,R,528,R,925
206349,1,412,1,R,39,R,532,R,65,R,437,R,571,R,502,R,104,R,969,R,1073
206437,1,412,1,R,800,R,1255,R,217,R,507,R,2055,R,724,R,1017,R,1762,R,2779
206446,1,412,1,R,252,R,488,R,374,R,683,R,740,R,1057,R,626,R,1171,R,1797
206507,1,412,1,R,567,R,598,R,49,R,46,R,1165,R,95,R,616,R,644,R,1260
206525,1,412,1,R,767,R,926,R,44,R,64,R,1693,R,108,R,811,R,990,R,1801
206589,1,412,1,R,916,R,1080,R,3,R,5,R,1996,R,8,R,919,R,1085,R,2004
206622,1,412,1,R,2400,R,2992,R,692,R,1043,R,5392,R,1735,R,3092,R,4035,R,7127
206695,1,412,1,R,4650,R,5037,R,1223,R,1697,R,9687,R,2920,R,5873,R,6734,R,12607
206914,1,412,1,R,1116,R,1737,R,505,R,932,R,2853,R,1437,R,1621,R,2669,R,4290
206923,1,412,1,R,372,R,700,R,245,R,583,R,1072,R,828,R,617,R,1283,R,1900
206941,1,412,1,R,4282,R,6405,R,1863,R,2843,R,10687,R,4706,R,6145,R,9248,R,15393
206996,1,412,1,R,407,R,776,R,287,R,620,R,1183,R,907,R,694,R,1396,R,2090
207041,1,412,1,R,1114,R,1568,R,264,R,630,R,2682,R,894,R,1378,R,2198,R,3576
207050,1,412,1,R,298,R,483,R,211,R,549,R,781,R,760,R,509,R,1032,R,1541
207069,1,412,1,R,235,R,332,R,438,R,924,R,567,R,1362,R,673,R,1256,R,1929
207157,1,412,1,R,173,R,120,R,14,R,10,R,293,R,24,R,187,R,130,R,317
207209,1,412,1,R,671,R,1160,R,104,R,184,R,1831,R,288,R,775,R,1344,R,2119
207236,1,412,1,R,383,R,621,R,307,R,832,R,1004,R,1139,R,690,R,1453,R,2143
207254,1,412,1,R,893,R,86,Z,0,Z,0,R,979,Z,0,R,893,R,86,R,979
207263,1,412,1,R,2053,R,3115,R,833,R,1878,R,5168,R,2711,R,2886,R,4993,R,7879
207281,1,412,1,R,742,R,951,R,895,R,1593,R,1693,R,2488,R,1637,R,2544,R,4181
207290,1,412,1,R,690,R,693,R,158,R,356,R,1383,R,514,R,848,R,1049,R,1897
207306,1,412,1,R,628,R,895,R,151,R,318,R,1523,R,469,R,779,R,1213,R,1992
207315,1,412,1,R,311,R,320,R,201,R,148,R,631,R,349,R,512,R,468,R,980
207324,1,412,1,R,954,R,932,R,211,R,131,R,1886,R,342,R,1165,R,1063,R,2228
207342,1,412,1,R,924,R,1793,R,122,R,287,R,2717,R,409,R,1046,R,2080,R,3126
207351,1,412,1,R,499,R,447,R,115,R,201,R,946,R,316,R,614,R,648,R,1262
207388,1,412,1,R,9645,R,9742,R,2806,R,2497,R,19387,R,5303,R,12451,R,12239,R,24690
207397,1,412,1,R,671,R,957,R,1435,R,2638,R,1628,R,4073,R,2106,R,3595,R,5701
207449,1,412,1,R,1772,R,2347,R,2876,R,5044,R,4119,R,7920,R,4648,R,7391,R,12039
207458,1,412,1,R,845,R,1494,R,144,R,290,R,2339,R,434,R,989,R,1784,R,2773
207564,1,412,1,R,1165,R,500,R,371,R,365,R,1665,R,736,R,1536,R,865,R,2401
207582,1,412,1,R,1304,R,1883,R,364,R,502,R,3187,R,866,R,1668,R,2385,R,4053
207661,1,412,1,R,940,R,1327,R,506,R,860,R,2267,R,1366,R,1446,R,2187,R,3633
207670,1,412,1,R,1017,R,1634,R,1728,R,3041,R,2651,R,4769,R,2745,R,4675,R,7420
207704,1,412,1,R,0,R,31,R,0,R,42,R,31,R,42,R,0,R,73,R,73
207722,1,412,1,R,235,R,493,R,41,R,83,R,728,R,124,R,276,R,576,R,852
207740,1,412,1,R,315,R,567,R,224,R,496,R,882,R,720,R,539,R,1063,R,1602
207847,1,412,1,R,1327,R,1548,R,725,R,942,R,2875,R,1667,R,2052,R,2490,R,4542
207856,1,412,1,R,285,R,214,R,54,R,45,R,499,R,99,R,339,R,259,R,598
207865,1,412,1,R,1687,R,2401,R,365,R,814,R,4088,R,1179,R,2052,R,3215,R,5267
207935,1,412,1,R,1932,R,2841,R,4220,R,7482,R,4773,R,11702,R,6152,R,10323,R,16475
207962,1,412,1,R,673,R,80,Z,0,Z,0,R,753,Z,0,R,673,R,80,R,753
208035,1,412,1,R,244,R,293,R,214,R,527,R,537,R,741,R,458,R,820,R,1278
208187,1,412,1,R,11,R,114,R,5,R,35,R,125,R,40,R,16,R,149,R,165
208275,1,412,1,R,358,R,495,R,384,R,444,R,853,R,828,R,742,R,939,R,1681
208318,1,412,1,R,1121,R,1181,R,1144,R,1426,R,2302,R,2570,R,2265,R,2607,R,4872
208390,1,412,1,R,2124,R,2535,R,2296,R,3196,R,4659,R,5492,R,4420,R,5731,R,10151
208406,1,412,1,R,1194,R,1174,R,1968,R,1728,R,2368,R,3696,R,3162,R,2902,R,6064
208415,1,412,1,R,168,R,166,R,203,R,278,R,334,R,481,R,371,R,444,R,815
208488,1,412,1,R,1044,R,3256,R,246,R,796,R,4300,R,1042,R,1290,R,4052,R,5342
208637,1,412,1,Z,0,Z,0,R,89,R,208,Z,0,R,297,R,89,R,208,R,297
208646,1,412,1,R,715,R,1052,R,477,R,734,R,1767,R,1211,R,1192,R,1786,R,2978
208822,1,412,1,R,1192,R,1811,R,389,R,549,R,3003,R,938,R,1581,R,2360,R,3941
209038,1,412,1,R,1764,R,1874,R,2512,R,2879,R,3638,R,5391,R,4276,R,4753,R,9029
209074,1,412,1,R,1321,R,1250,R,1233,R,1755,R,2571,R,2988,R,2554,R,3005,R,5559
209409,1,412,1,R,192,R,346,R,104,R,158,R,538,R,262,R,296,R,504,R,800
209506,1,412,1,R,1324,R,1035,R,1413,R,1563,R,2359,R,2976,R,2737,R,2598,R,5335
209533,1,412,1,R,37,R,92,R,1,R,7,R,129,R,8,R,38,R,99,R,137
209542,1,412,1,R,11905,R,10228,R,4449,R,4404,R,22133,R,8853,R,16354,R,14632,R,30986
209551,1,412,1,R,9518,R,11185,R,959,R,982,R,20703,R,1941,R,10477,R,12167,R,22644
209612,1,412,1,R,1230,R,2495,R,56,R,157,R,3725,R,213,R,1286,R,2652,R,3938
209807,1,412,1,R,7347,R,9429,R,4002,R,4933,R,16776,R,8935,R,11349,R,14362,R,25711
209825,1,412,1,R,1516,R,2299,R,167,R,298,R,3815,R,465,R,1683,R,2597,R,4280
209922,1,412,1,R,671,R,782,R,21,R,29,R,1453,R,50,R,692,R,811,R,1503
210155,1,412,1,R,470,R,479,R,461,R,747,R,949,R,1208,R,931,R,1226,R,2157
210234,1,412,1,R,379,R,428,R,464,R,595,R,807,R,1059,R,843,R,1023,R,1866
210270,1,412,1,R,431,R,612,R,636,R,1024,R,1043,R,1660,R,1067,R,1636,R,2703
210368,1,412,1,R,49,R,29,R,413,R,213,R,78,R,626,R,462,R,242,R,704
210401,1,412,1,R,1019,R,1272,R,34,R,38,R,2291,R,72,R,1053,R,1310,R,2363
210429,1,412,1,R,1555,R,2616,R,381,R,633,R,4171,R,1014,R,1936,R,3249,R,5185
210508,1,412,1,R,16,R,11,Z,0,Z,0,R,27,Z,0,R,16,R,11,R,27
210605,1,412,1,R,2580,R,2774,R,4759,R,5973,R,5354,R,10732,R,7339,R,8747,R,16086
210669,1,412,1,R,774,R,950,R,14,R,33,R,1724,R,47,R,788,R,983,R,1771
210739,1,412,1,R,881,R,1480,R,348,R,729,R,2361,R,1077,R,1229,R,2209,R,3438
210775,1,412,1,R,638,R,1308,R,190,R,656,R,1946,R,846,R,828,R,1964,R,2792
210809,1,412,1,Z,0,Z,0,R,6893,R,2701,Z,0,R,9594,R,6893,R,2701,R,9594
211006,1,412,1,R,260,R,11,R,18,R,1,R,271,R,19,R,278,R,12,R,290
211088,1,412,1,R,737,R,1719,R,334,R,872,R,2456,R,1206,R,1071,R,2591,R,3662
211158,1,412,1,R,3311,R,4525,R,381,R,692,R,7836,R,1073,R,3692,R,5217,R,8909
211291,1,412,1,R,1774,R,1847,R,19,R,28,R,3621,R,47,R,1793,R,1875,R,3668
211307,1,412,1,R,1374,R,1478,R,1963,R,2946,R,2852,R,4909,R,3337,R,4424,R,7761
211334,1,412,1,R,2,R,24,Z,0,Z,0,R,26,Z,0,R,2,R,24,R,26
211343,1,412,1,R,589,R,806,R,725,R,1185,R,1395,R,1910,R,1314,R,1991,R,3305
211352,1,412,1,R,594,R,988,R,242,R,461,R,1582,R,703,R,836,R,1449,R,2285
211361,1,412,1,R,2233,R,2766,R,890,R,1421,R,4999,R,2311,R,3123,R,4187,R,7310
211431,1,412,1,R,220,R,1026,R,129,R,701,R,1246,R,830,R,349,R,1727,R,2076
211440,1,412,1,R,7560,R,5600,R,555,R,314,R,13160,R,869,R,8115,R,5914,R,14029
211468,1,412,1,R,111,R,907,R,81,R,497,R,1018,R,578,R,192,R,1404,R,1596
211477,1,412,1,R,108,R,140,R,259,R,540,R,248,R,799,R,367,R,680,R,1047
211608,1,412,1,R,173,R,260,R,19,R,14,R,433,R,33,R,192,R,274,R,466
211644,1,412,1,R,1167,R,2242,R,307,R,1148,R,3409,R,1455,R,1474,R,3390,R,4864
211927,1,412,1,R,1573,R,1510,R,2978,R,5253,R,3083,R,8231,R,4551,R,6763,R,11314
211981,1,412,1,R,772,R,1144,R,189,R,323,R,1916,R,512,R,961,R,1467,R,2428
212009,1,412,1,R,993,R,1368,R,14,R,24,R,2361,R,38,R,1007,R,1392,R,2399
212018,1,412,1,R,126,R,85,Z,0,Z,0,R,211,Z,0,R,126,R,85,R,211
212045,1,412,1,R,31,R,177,R,2,R,3,R,208,R,5,R,33,R,180,R,213
212054,1,412,1,R,9373,R,8939,R,1920,R,4402,R,18312,R,6322,R,11293,R,13341,R,24634
212106,1,412,1,R,3225,R,5642,R,143,R,264,R,8867,R,407,R,3368,R,5906,R,9274
212115,1,412,1,R,2421,R,3129,R,296,R,566,R,5550,R,862,R,2717,R,3695,R,6412
212133,1,412,1,R,628,R,1206,R,394,R,1028,R,1834,R,1422,R,1022,R,2234,R,3256
212160,1,412,1,R,1462,R,2378,R,273,R,721,R,3840,R,994,R,1735,R,3099,R,4834
212197,1,412,1,R,615,R,1026,R,21,R,25,R,1641,R,46,R,636,R,1051,R,1687
212230,1,412,1,R,2,R,40,Z,0,Z,0,R,42,Z,0,R,2,R,40,R,42
212267,1,412,1,R,3,R,73,R,5,R,32,R,76,R,37,R,8,R,105,R,113
212276,1,412,1,R,2,R,56,R,1,R,24,R,58,R,25,R,3,R,80,R,83
212294,1,412,1,R,5,R,52,Z,0,Z,0,R,57,Z,0,R,5,R,52,R,57
212300,1,412,1,R,0,R,48,Z,0,Z,0,R,48,Z,0,R,0,R,48,R,48
212328,1,412,1,R,4,R,63,R,1,R,25,R,67,R,26,R,5,R,88,R,93
212337,1,412,1,R,2,R,77,R,2,R,39,R,79,R,41,R,4,R,116,R,120
212355,1,412,1,R,4,R,97,R,3,R,33,R,101,R,36,R,7,R,130,R,137
212373,1,412,1,R,0,R,18,R,0,R,3,R,18,R,3,R,0,R,21,R,21
212382,1,412,1,R,2,R,72,R,1,R,39,R,74,R,40,R,3,R,111,R,114
212391,1,412,1,R,1,R,69,R,0,R,31,R,70,R,31,R,1,R,100,R,101
212577,1,412,1,R,1029,R,1261,R,12,R,7,R,2290,R,19,R,1041,R,1268,R,2309
212601,1,412,1,R,1335,R,1933,R,364,R,659,R,3268,R,1023,R,1699,R,2592,R,4291
212656,1,412,1,R,660,R,572,R,131,R,180,R,1232,R,311,R,791,R,752,R,1543
212674,1,412,1,R,1161,R,1272,R,1,R,7,R,2433,R,8,R,1162,R,1279,R,2441
212753,1,412,1,R,5,R,60,R,2,R,31,R,65,R,33,R,7,R,91,R,98
212805,1,412,1,R,1197,R,1083,R,29,R,29,R,2280,R,58,R,1226,R,1112,R,2338
212869,1,412,1,R,203,R,739,R,52,R,349,R,942,R,401,R,255,R,1088,R,1343
212878,1,412,1,R,2282,R,2940,R,4157,R,8702,R,5222,R,12859,R,6439,R,11642,R,18081
212911,1,412,1,R,635,R,673,R,1,R,1,R,1308,R,2,R,636,R,674,R,1310
212975,1,412,1,R,131,R,43,R,1,R,0,R,174,R,1,R,132,R,43,R,175
213011,1,412,1,R,277,R,741,R,336,R,1094,R,1018,R,1430,R,613,R,1835,R,2448
213020,1,412,1,R,3864,R,5513,R,913,R,1193,R,9377,R,2106,R,4777,R,6706,R,11483
213321,1,412,1,R,1127,R,1009,R,122,R,311,R,2136,R,433,R,1249,R,1320,R,2569
213330,1,412,1,R,0,R,10,Z,0,Z,0,R,10,Z,0,R,0,R,10,R,10
213349,1,412,1,R,3303,R,3929,R,366,R,692,R,7232,R,1058,R,3669,R,4621,R,8290
213358,1,412,1,R,523,R,664,R,97,R,159,R,1187,R,256,R,620,R,823,R,1443
213367,1,412,1,R,1374,R,2247,R,483,R,1087,R,3621,R,1570,R,1857,R,3334,R,5191
213376,1,412,1,R,682,R,644,R,196,R,351,R,1326,R,547,R,878,R,995,R,1873
213385,1,412,1,R,1237,R,1366,R,25,R,14,R,2603,R,39,R,1262,R,1380,R,2642
213525,1,412,1,R,1106,R,1357,R,1622,R,3024,R,2463,R,4646,R,2728,R,4381,R,7109
213543,1,412,1,R,3357,R,2736,R,368,R,388,R,6093,R,756,R,3725,R,3124,R,6849
213570,1,412,1,R,136,R,464,Z,0,Z,0,R,600,Z,0,R,136,R,464,R,600
213589,1,412,1,R,276,R,22,R,18,R,2,R,298,R,20,R,294,R,24,R,318
213598,1,412,1,R,711,R,1444,R,63,R,158,R,2155,R,221,R,774,R,1602,R,2376
213613,1,412,1,R,1282,R,1738,R,103,R,295,R,3020,R,398,R,1385,R,2033,R,3418
213631,1,412,1,R,67,R,100,R,85,R,71,R,167,R,156,R,152,R,171,R,323
213659,1,412,1,R,941,R,1123,R,984,R,1936,R,2064,R,2920,R,1925,R,3059,R,4984
213668,1,412,1,R,538,R,597,R,3,R,4,R,1135,R,7,R,541,R,601,R,1142
213774,1,412,1,R,164,R,316,R,78,R,189,R,480,R,267,R,242,R,505,R,747
213783,1,412,1,R,583,R,879,R,50,R,117,R,1462,R,167,R,633,R,996,R,1629
213826,1,412,1,R,719,R,1785,R,100,R,249,R,2504,R,349,R,819,R,2034,R,2853
213987,1,412,1,R,1032,R,1469,R,76,R,108,R,2501,R,184,R,1108,R,1577,R,2685
213996,1,412,1,R,1045,R,1742,R,171,R,417,R,2787,R,588,R,1216,R,2159,R,3375
214023,1,412,1,R,7,R,1,Z,0,Z,0,R,8,Z,0,R,7,R,1,R,8
214041,1,412,1,R,2482,R,3304,R,674,R,1286,R,5786,R,1960,R,3156,R,4590,R,7746
214069,1,412,1,R,624,R,1333,R,148,R,461,R,1957,R,609,R,772,R,1794,R,2566
214148,1,412,1,R,3,R,370,R,1,R,23,R,373,R,24,R,4,R,393,R,397
214157,1,412,1,R,799,R,1202,R,125,R,388,R,2001,R,513,R,924,R,1590,R,2514
214175,1,412,1,R,879,R,1369,R,44,R,48,R,2248,R,92,R,923,R,1417,R,2340
214272,1,412,1,R,544,R,1043,R,322,R,689,R,1587,R,1011,R,866,R,1732,R,2598
214379,1,412,1,R,1958,R,2297,R,1840,R,3674,R,4255,R,5514,R,3798,R,5971,R,9769
214582,1,412,1,R,61,R,186,R,21,R,136,R,247,R,157,R,82,R,322,R,404
214591,1,412,1,R,2633,R,1367,R,211,R,101,R,4000,R,312,R,2844,R,1468,R,4312
214607,1,412,1,R,46,R,29,R,199,R,127,R,75,R,326,R,245,R,156,R,401
214616,1,412,1,R,412,R,498,R,12,R,21,R,910,R,33,R,424,R,519,R,943
214625,1,412,1,R,328,R,161,R,35,R,61,R,489,R,96,R,363,R,222,R,585
214634,1,412,1,R,89,R,141,R,33,R,156,R,230,R,189,R,122,R,297,R,419
214643,1,412,1,R,267,R,99,R,41,R,31,R,366,R,72,R,308,R,130,R,438
214652,1,412,1,R,446,R,450,R,33,R,63,R,896,R,96,R,479,R,513,R,992
214670,1,412,1,R,426,R,338,R,65,R,83,R,764,R,148,R,491,R,421,R,912
214689,1,412,1,R,1714,R,1411,R,65,R,54,R,3125,R,119,R,1779,R,1465,R,3244
214698,1,412,1,R,335,R,213,R,34,R,40,R,548,R,74,R,369,R,253,R,622
214704,1,412,1,R,1372,R,905,R,182,R,119,R,2277,R,301,R,1554,R,1024,R,2578
214713,1,412,1,R,2498,R,1648,R,401,R,386,R,4146,R,787,R,2899,R,2034,R,4933
214731,1,412,1,R,722,R,486,R,91,R,52,R,1208,R,143,R,813,R,538,R,1351
214740,1,412,1,R,284,R,163,R,58,R,59,R,447,R,117,R,342,R,222,R,564
214759,1,412,1,R,266,R,304,R,29,R,41,R,570,R,70,R,295,R,345,R,640
214768,1,412,1,R,301,R,291,R,40,R,44,R,592,R,84,R,341,R,335,R,676
214777,1,412,1,R,24013,R,21127,R,972,R,698,R,45140,R,1670,R,24985,R,21825,R,46810
214786,1,412,1,R,240,R,177,R,33,R,12,R,417,R,45,R,273,R,189,R,462
214795,1,412,1,R,278,R,313,R,95,R,144,R,591,R,239,R,373,R,457,R,830
214801,1,412,1,R,1705,R,1578,R,204,R,259,R,3283,R,463,R,1909,R,1837,R,3746
214810,1,412,1,R,213,R,277,R,33,R,86,R,490,R,119,R,246,R,363,R,609
214829,1,412,1,R,484,R,299,R,85,R,80,R,783,R,165,R,569,R,379,R,948
214883,1,412,1,R,103,R,188,R,273,R,793,R,291,R,1066,R,376,R,981,R,1357
215008,1,412,1,R,70,R,2,Z,0,Z,0,R,72,Z,0,R,70,R,2,R,72
215062,1,412,1,R,10302,R,11658,R,1371,R,2529,R,21960,R,3900,R,11673,R,14187,R,25860
215123,1,412,1,R,1093,R,1547,R,46,R,169,R,2640,R,215,R,1139,R,1716,R,2855
215132,1,412,1,R,694,R,1317,R,92,R,128,R,2011,R,220,R,786,R,1445,R,2231
215239,1,412,1,R,2017,R,2900,R,3984,R,7771,R,4917,R,11755,R,6001,R,10671,R,16672
215266,1,412,1,R,539,R,660,R,30,R,52,R,1199,R,82,R,569,R,712,R,1281
215275,1,412,1,R,641,R,785,R,49,R,33,R,1426,R,82,R,690,R,818,R,1508
215284,1,412,1,R,1423,R,1119,R,35,R,23,R,2542,R,58,R,1458,R,1142,R,2600
215293,1,412,1,R,12052,R,13849,R,1212,R,1560,R,25901,R,2772,R,13264,R,15409,R,28673
215309,1,412,1,R,64,R,123,R,6,R,32,R,187,R,38,R,70,R,155,R,225
215424,1,412,1,R,83,R,74,R,21,R,28,R,157,R,49,R,104,R,102,R,206
215442,1,412,1,R,1193,R,1829,R,463,R,614,R,3022,R,1077,R,1656,R,2443,R,4099
215585,1,412,1,R,479,R,645,R,1058,R,2017,R,1124,R,3075,R,1537,R,2662,R,4199
215655,1,412,1,R,2061,R,1622,R,576,R,636,R,3683,R,1212,R,2637,R,2258,R,4895
215813,1,412,1,R,43,R,0,R,8,R,0,R,43,R,8,R,51,R,0,R,51
215886,1,412,1,R,23,R,29,R,0,R,18,R,52,R,18,R,23,R,47,R,70
215929,1,412,1,R,1691,R,2428,R,466,R,701,R,4119,R,1167,R,2157,R,3129,R,5286
216010,1,412,1,R,2521,R,2750,R,466,R,644,R,5271,R,1110,R,2987,R,3394,R,6381
216038,1,412,1,R,3312,R,4275,R,333,R,883,R,7587,R,1216,R,3645,R,5158,R,8803
216278,1,412,1,R,1010,R,1301,R,24,R,61,R,2311,R,85,R,1034,R,1362,R,2396
216287,1,412,1,R,763,R,791,R,3,R,2,R,1554,R,5,R,766,R,793,R,1559
216339,1,412,1,R,15840,R,18542,R,2474,R,2884,R,34382,R,5358,R,18314,R,21426,R,39740
216357,1,412,1,R,412,R,317,R,7,R,6,R,729,R,13,R,419,R,323,R,742
216366,1,412,1,R,1911,R,3842,R,524,R,1509,R,5753,R,2033,R,2435,R,5351,R,7786
216427,1,412,1,R,14,R,1,Z,0,Z,0,R,15,Z,0,R,14,R,1,R,15
216524,1,412,1,R,695,R,713,R,13,R,14,R,1408,R,27,R,708,R,727,R,1435
216542,1,412,1,R,251,R,241,R,70,R,97,R,492,R,167,R,321,R,338,R,659
216667,1,412,1,R,689,R,662,R,3,R,3,R,1351,R,6,R,692,R,665,R,1357
216694,1,412,1,R,586,R,779,R,114,R,195,R,1365,R,309,R,700,R,974,R,1674
216746,1,412,1,R,46,R,6,R,13,R,1,R,52,R,14,R,59,R,7,R,66
216764,1,412,1,R,5569,R,8510,R,1376,R,2072,R,14079,R,3448,R,6945,R,10582,R,17527
216816,1,412,1,R,256,R,75,R,261,R,139,R,331,R,400,R,517,R,214,R,731
216852,1,412,1,R,1897,R,2599,R,437,R,1688,R,4496,R,2125,R,2334,R,4287,R,6621
216931,1,412,1,R,1341,R,1352,R,582,R,1857,R,2693,R,2439,R,1923,R,3209,R,5132
216940,1,412,1,R,257,R,0,Z,0,Z,0,R,257,Z,0,R,257,R,0,R,257
217013,1,412,1,R,142,R,559,R,170,R,628,R,701,R,798,R,312,R,1187,R,1499
217156,1,412,1,R,4635,R,5013,R,253,R,356,R,9648,R,609,R,4888,R,5369,R,10257
217165,1,412,1,R,2209,R,1413,R,93,R,73,R,3622,R,166,R,2302,R,1486,R,3788
217235,1,412,1,R,2698,R,4089,R,229,R,344,R,6787,R,573,R,2927,R,4433,R,7360
217402,1,412,1,R,1860,R,2236,R,235,R,343,R,4096,R,578,R,2095,R,2579,R,4674
217420,1,412,1,R,1607,R,3757,R,702,R,1700,R,5364,R,2402,R,2309,R,5457,R,7766
217484,1,412,1,R,6263,R,8058,R,1409,R,2047,R,14321,R,3456,R,7672,R,10105,R,17777
217493,1,412,1,R,817,R,1650,Z,0,Z,0,R,2467,Z,0,R,817,R,1650,R,2467
217518,1,412,1,R,1996,R,2148,R,338,R,378,R,4144,R,716,R,2334,R,2526,R,4860
217536,1,412,1,R,729,R,1456,R,164,R,298,R,2185,R,462,R,893,R,1754,R,2647
217581,1,412,1,R,0,R,75,R,0,R,17,R,75,R,17,R,0,R,92,R,92
217615,1,412,1,R,304,R,407,R,523,R,1033,R,711,R,1556,R,827,R,1440,R,2267
217633,1,412,1,R,891,R,1884,R,249,R,405,R,2775,R,654,R,1140,R,2289,R,3429
217688,1,412,1,R,1037,R,1774,R,249,R,354,R,2811,R,603,R,1286,R,2128,R,3414
217712,1,412,1,R,234,R,381,R,492,R,1140,R,615,R,1632,R,726,R,1521,R,2247
217721,1,412,1,R,1008,R,1106,R,23,R,28,R,2114,R,51,R,1031,R,1134,R,2165
217749,1,412,1,R,1085,R,1272,R,306,R,342,R,2357,R,648,R,1391,R,1614,R,3005
217819,1,412,1,R,3237,R,6121,R,519,R,906,R,9358,R,1425,R,3756,R,7027,R,10783
217837,1,412,1,R,160,R,269,R,307,R,539,R,429,R,846,R,467,R,808,R,1275
217864,1,412,1,R,2461,R,369,R,531,R,402,R,2830,R,933,R,2992,R,771,R,3763
217873,1,412,1,R,641,R,1414,R,45,R,72,R,2055,R,117,R,686,R,1486,R,2172
217882,1,412,1,R,11340,R,10600,R,1349,R,1662,R,21940,R,3011,R,12689,R,12262,R,24951
217907,1,412,1,R,502,R,643,R,54,R,81,R,1145,R,135,R,556,R,724,R,1280
217925,1,412,1,R,334,R,378,R,214,R,122,R,712,R,336,R,548,R,500,R,1048
217934,1,412,1,R,85,R,785,R,187,R,219,R,870,R,406,R,272,R,1004,R,1276
217961,1,412,1,R,24,R,915,R,53,R,388,R,939,R,441,R,77,R,1303,R,1380
217989,1,412,1,R,128,R,120,R,90,R,151,R,248,R,241,R,218,R,271,R,489
217998,1,412,1,R,324,R,250,R,78,R,41,R,574,R,119,R,402,R,291,R,693
218025,1,412,1,R,733,R,986,R,710,R,1753,R,1719,R,2463,R,1443,R,2739,R,4182
218061,1,412,1,R,936,R,2117,R,219,R,668,R,3053,R,887,R,1155,R,2785,R,3940
218113,1,412,1,R,1932,R,2329,R,2446,R,4157,R,4261,R,6603,R,4378,R,6486,R,10864
218140,1,412,1,R,1380,R,1924,R,1090,R,2394,R,3304,R,3484,R,2470,R,4318,R,6788
218229,1,412,1,R,877,R,1912,R,82,R,173,R,2789,R,255,R,959,R,2085,R,3044
218238,1,412,1,R,854,R,982,R,222,R,384,R,1836,R,606,R,1076,R,1366,R,2442
218335,1,412,1,R,1069,R,1688,R,32,R,155,R,2757,R,187,R,1101,R,1843,R,2944
218353,1,412,1,R,1997,R,2242,R,1930,R,3723,R,4239,R,5653,R,3927,R,5965,R,9892
218399,1,412,1,R,255,R,378,R,6,R,10,R,633,R,16,R,261,R,388,R,649
218414,1,412,1,R,684,R,506,R,9,R,9,R,1190,R,18,R,693,R,515,R,1208
218441,1,412,1,R,1050,R,1100,R,166,R,262,R,2150,R,428,R,1216,R,1362,R,2578
218487,1,412,1,R,336,R,518,R,458,R,1075,R,854,R,1533,R,794,R,1593,R,2387
218520,1,412,1,R,674,R,969,R,937,R,1911,R,1643,R,2848,R,1611,R,2880,R,4491
218539,1,412,1,R,551,R,689,R,26,R,64,R,1240,R,90,R,577,R,753,R,1330
218645,1,412,1,R,934,R,1780,R,339,R,646,R,2714,R,985,R,1273,R,2426,R,3699
218654,1,412,1,R,571,R,1226,R,95,R,224,R,1797,R,319,R,666,R,1450,R,2116
218663,1,412,1,R,14412,R,16858,R,1275,R,2250,R,31270,R,3525,R,15687,R,19108,R,34795
218672,1,412,1,R,296,R,404,R,296,R,527,R,700,R,823,R,592,R,931,R,1523
218681,1,412,1,R,212,R,326,R,136,R,253,R,538,R,389,R,348,R,579,R,927
218690,1,412,1,R,277,R,308,R,229,R,296,R,585,R,525,R,506,R,604,R,1110
218706,1,412,1,R,145,R,200,R,267,R,481,R,345,R,748,R,412,R,681,R,1093
218724,1,412,1,R,4227,R,4908,R,593,R,913,R,9135,R,1506,R,4820,R,5821,R,10641
218733,1,412,1,R,1129,R,1273,R,229,R,391,R,2402,R,620,R,1358,R,1664,R,3022
218742,1,412,1,R,1581,R,3163,R,518,R,913,R,4744,R,1431,R,2099,R,4076,R,6175
218751,1,412,1,R,214,R,207,Z,0,Z,0,R,421,Z,0,R,214,R,207,R,421
218830,1,412,1,R,995,R,1110,R,910,R,1519,R,2105,R,2429,R,1905,R,2629,R,4534
218858,1,412,1,R,502,R,803,R,619,R,1626,R,1305,R,2245,R,1121,R,2429,R,3550
218885,1,412,1,R,1773,R,1588,R,1179,R,1542,R,3361,R,2721,R,2952,R,3130,R,6082
218894,1,412,1,R,1891,R,2723,R,2903,R,4631,R,4614,R,7534,R,4794,R,7354,R,12148
218955,1,412,1,R,70,R,119,R,252,R,296,R,189,R,548,R,322,R,415,R,737
218964,1,412,1,R,1389,R,3314,R,312,R,798,R,4703,R,1110,R,1701,R,4112,R,5813
218973,1,412,1,R,773,R,880,R,6,R,7,R,1653,R,13,R,779,R,887,R,1666
218991,1,412,1,R,960,R,1105,R,831,R,1357,R,2065,R,2188,R,1791,R,2462,R,4253
219000,1,412,1,R,640,R,1114,R,98,R,281,R,1754,R,379,R,738,R,1395,R,2133
219046,1,412,1,R,774,R,1288,R,641,R,1332,R,2062,R,1973,R,1415,R,2620,R,4035
219082,1,412,1,R,1049,R,468,R,993,R,872,R,1517,R,1865,R,2042,R,1340,R,3382
219189,1,412,1,R,589,R,251,R,222,R,136,R,840,R,358,R,811,R,387,R,1198
219198,1,412,1,R,258,R,374,R,181,R,231,R,632,R,412,R,439,R,605,R,1044
219204,1,412,1,R,125,R,191,R,475,R,874,R,316,R,1349,R,600,R,1065,R,1665
219213,1,412,1,R,7,R,29,R,19,R,100,R,36,R,119,R,26,R,129,R,155
219259,1,412,1,R,597,R,786,R,769,R,1341,R,1383,R,2110,R,1366,R,2127,R,3493
219338,1,412,1,R,1,R,14,Z,0,Z,0,R,15,Z,0,R,1,R,14,R,15
219347,1,412,1,R,1598,R,468,R,407,R,181,R,2066,R,588,R,2005,R,649,R,2654
219356,1,412,1,R,4307,R,4420,R,1288,R,2089,R,8727,R,3377,R,5595,R,6509,R,12104
219383,1,412,1,R,432,R,726,R,190,R,267,R,1158,R,457,R,622,R,993,R,1615
219392,1,412,1,R,5,R,18,Z,0,Z,0,R,23,Z,0,R,5,R,18,R,23
219426,1,412,1,R,787,R,618,R,245,R,516,R,1405,R,761,R,1032,R,1134,R,2166
219453,1,412,1,R,2,R,110,Z,0,Z,0,R,112,Z,0,R,2,R,110,R,112
219471,1,412,1,R,2461,R,3791,R,1411,R,2403,R,6252,R,3814,R,3872,R,6194,R,10066
219480,1,412,1,R,301,R,267,R,181,R,312,R,568,R,493,R,482,R,579,R,1061
219602,1,412,1,R,2942,R,4383,R,1493,R,2136,R,7325,R,3629,R,4435,R,6519,R,10954
219709,1,412,1,R,2546,R,4975,R,324,R,415,R,7521,R,739,R,2870,R,5390,R,8260
219718,1,412,1,R,1604,R,1951,R,705,R,1147,R,3555,R,1852,R,2309,R,3098,R,5407
219806,1,412,1,R,764,R,1075,R,200,R,521,R,1839,R,721,R,964,R,1596,R,2560
219824,1,412,1,R,1760,R,2312,R,1515,R,2654,R,4072,R,4169,R,3275,R,4966,R,8241
219833,1,412,1,R,744,R,781,R,238,R,271,R,1525,R,509,R,982,R,1052,R,2034
219879,1,412,1,R,756,R,900,R,635,R,973,R,1656,R,1608,R,1391,R,1873,R,3264
219888,1,412,1,R,1311,R,1799,R,1178,R,1933,R,3110,R,3111,R,2489,R,3732,R,6221
219949,1,412,1,R,790,R,968,R,247,R,400,R,1758,R,647,R,1037,R,1368,R,2405
219994,1,412,1,R,313,R,270,R,119,R,11,R,583,R,130,R,432,R,281,R,713
220057,1,412,1,R,419,R,785,R,538,R,1235,R,1204,R,1773,R,957,R,2020,R,2977
220075,1,412,1,R,4825,R,6690,R,997,R,1805,R,11515,R,2802,R,5822,R,8495,R,14317
220118,1,412,1,R,27,R,256,Z,0,Z,0,R,283,Z,0,R,27,R,256,R,283
220127,1,412,1,R,240,R,218,R,24,R,2,R,458,R,26,R,264,R,220,R,484
220163,1,412,1,R,1,R,23,R,1,R,15,R,24,R,16,R,2,R,38,R,40
220400,1,412,1,R,820,R,1530,R,874,R,1638,R,2350,R,2512,R,1694,R,3168,R,4862
220464,1,412,1,R,18,R,31,R,61,R,58,R,49,R,119,R,79,R,89,R,168
220473,1,412,1,R,414,R,366,R,184,R,124,R,780,R,308,R,598,R,490,R,1088
220516,1,412,1,R,662,R,1130,R,47,R,109,R,1792,R,156,R,709,R,1239,R,1948
220598,1,412,1,R,618,R,566,R,22,R,26,R,1184,R,48,R,640,R,592,R,1232
220604,1,412,1,R,237,R,524,R,36,R,88,R,761,R,124,R,273,R,612,R,885
220613,1,412,1,R,1439,R,2536,R,680,R,731,R,3975,R,1411,R,2119,R,3267,R,5386
220710,1,412,1,R,496,R,606,R,14,R,30,R,1102,R,44,R,510,R,636,R,1146
220792,1,412,1,R,356,R,472,Z,0,Z,0,R,828,Z,0,R,356,R,472,R,828
220862,1,412,1,R,5909,R,8071,R,2853,R,4625,R,13980,R,7478,R,8762,R,12696,R,21458
220978,1,412,1,R,7480,R,8751,R,2291,R,3109,R,16231,R,5400,R,9771,R,11860,R,21631
221050,1,412,1,R,438,R,191,R,210,R,37,R,629,R,247,R,648,R,228,R,876
221096,1,412,1,R,1406,R,2049,R,1280,R,2151,R,3455,R,3431,R,2686,R,4200,R,6886
221148,1,412,1,R,1622,R,70,Z,0,Z,0,R,1692,Z,0,R,1622,R,70,R,1692
221281,1,412,1,R,82,R,146,R,48,R,30,R,228,R,78,R,130,R,176,R,306
221333,1,412,1,R,118,R,88,R,362,R,51,R,206,R,413,R,480,R,139,R,619
221397,1,412,1,R,952,R,1570,R,921,R,2245,R,2522,R,3166,R,1873,R,3815,R,5688
221485,1,412,1,R,1800,R,2932,R,1612,R,3003,R,4732,R,4615,R,3412,R,5935,R,9347
221519,1,412,1,R,852,R,892,R,20,R,21,R,1744,R,41,R,872,R,913,R,1785
221616,1,412,1,R,261,R,147,R,122,R,17,R,408,R,139,R,383,R,164,R,547
221625,1,412,1,R,422,R,278,R,66,R,26,R,700,R,92,R,488,R,304,R,792
221634,1,412,1,R,69,R,83,R,92,R,25,R,152,R,117,R,161,R,108,R,269
221643,1,412,1,R,2583,R,2528,R,2536,R,3247,R,5111,R,5783,R,5119,R,5775,R,10894
221661,1,412,1,R,951,R,1401,R,202,R,388,R,2352,R,590,R,1153,R,1789,R,2942
221740,1,412,1,R,4183,R,5619,R,885,R,951,R,9802,R,1836,R,5068,R,6570,R,11638
221759,1,412,1,R,12169,R,13088,R,1873,R,1764,R,25257,R,3637,R,14042,R,14852,R,28894
221768,1,412,1,R,2013,R,2793,R,789,R,1453,R,4806,R,2242,R,2802,R,4246,R,7048
221838,1,412,1,R,2110,R,3556,R,754,R,1354,R,5666,R,2108,R,2864,R,4910,R,7774
221847,1,412,1,R,4547,R,3743,R,935,R,961,R,8290,R,1896,R,5482,R,4704,R,10186
221908,1,412,1,R,1640,R,1771,R,1257,R,1471,R,3411,R,2728,R,2897,R,3242,R,6139
221953,1,412,1,R,667,R,805,R,97,R,166,R,1472,R,263,R,764,R,971,R,1735
221999,1,412,1,R,5504,R,6360,R,258,R,702,R,11864,R,960,R,5762,R,7062,R,12824
222053,1,412,1,R,2158,R,2897,R,1439,R,2660,R,5055,R,4099,R,3597,R,5557,R,9154
222062,1,412,1,R,1209,R,1786,R,1089,R,2060,R,2995,R,3149,R,2298,R,3846,R,6144
222178,1,412,1,R,1418,R,2312,R,516,R,958,R,3730,R,1474,R,1934,R,3270,R,5204
222576,1,412,1,R,1284,R,1952,R,2339,R,4279,R,3236,R,6618,R,3623,R,6231,R,9854
222822,1,412,1,R,632,R,942,R,1170,R,2175,R,1574,R,3345,R,1802,R,3117,R,4919
222831,1,412,1,R,2675,R,3589,R,1600,R,2523,R,6264,R,4123,R,4275,R,6112,R,10387
222992,1,412,1,R,4578,R,4405,R,13296,R,18520,R,8983,R,31816,R,17874,R,22925,R,40799
223083,1,412,1,R,98,R,508,R,10,R,33,R,606,R,43,R,108,R,541,R,649
223223,1,412,1,R,703,R,873,R,2,R,3,R,1576,R,5,R,705,R,876,R,1581
223232,1,412,1,R,6856,R,9595,R,394,R,372,R,16451,R,766,R,7250,R,9967,R,17217
223320,1,412,1,R,489,R,713,R,1372,R,2040,R,1202,R,3412,R,1861,R,2753,R,4614
223506,1,412,1,R,391,R,434,R,1675,R,1811,R,825,R,3486,R,2066,R,2245,R,4311
223524,1,412,1,R,889,R,906,R,4755,R,7176,R,1795,R,11931,R,5644,R,8082,R,13726
223773,1,412,1,R,732,R,663,R,2298,R,4337,R,1395,R,6635,R,3030,R,5000,R,8030
223816,1,412,1,R,1760,R,2595,R,5964,R,5754,R,4355,R,11718,R,7724,R,8349,R,16073
224147,1,412,1,R,3311,R,4873,R,1397,R,2348,R,8184,R,3745,R,4708,R,7221,R,11929
224156,1,412,1,R,15,R,330,R,3,R,4,R,345,R,7,R,18,R,334,R,352
224271,1,412,1,R,73,R,114,Z,0,Z,0,R,187,Z,0,R,73,R,114,R,187
224323,1,412,1,R,838,R,877,R,483,R,344,R,1715,R,827,R,1321,R,1221,R,2542
224350,1,412,1,R,1296,R,1314,R,3620,R,5637,R,2610,R,9257,R,4916,R,6951,R,11867
224527,1,412,1,R,620,R,707,R,110,R,176,R,1327,R,286,R,730,R,883,R,1613
224545,1,412,1,R,562,R,744,R,277,R,514,R,1306,R,791,R,839,R,1258,R,2097
224554,1,412,1,R,2867,R,4312,R,1884,R,3348,R,7179,R,5232,R,4751,R,7660,R,12411
224572,1,412,1,R,1312,R,1471,R,5466,R,8520,R,2783,R,13986,R,6778,R,9991,R,16769
224615,1,412,1,R,611,R,990,R,3378,R,6750,R,1601,R,10128,R,3989,R,7740,R,11729
224642,1,412,1,R,3840,R,4984,R,8360,R,11635,R,8824,R,19995,R,12200,R,16619,R,28819
224712,1,412,1,R,18,R,28,R,26,R,51,R,46,R,77,R,44,R,79,R,123
224891,1,412,1,R,249,R,301,R,427,R,507,R,550,R,934,R,676,R,808,R,1484
225247,1,412,1,R,917,R,1027,R,181,R,219,R,1944,R,400,R,1098,R,1246,R,2344
225308,1,412,1,R,837,R,1221,R,930,R,1257,R,2058,R,2187,R,1767,R,2478,R,4245
225399,1,412,1,R,752,R,1327,R,357,R,996,R,2079,R,1353,R,1109,R,2323,R,3432
225414,1,412,1,R,1596,R,2449,R,1757,R,3159,R,4045,R,4916,R,3353,R,5608,R,8961
225423,1,412,1,R,7435,R,9283,R,15921,R,24561,R,16718,R,40482,R,23356,R,33844,R,57200
225432,1,412,1,R,2599,R,3733,R,3058,R,4875,R,6332,R,7933,R,5657,R,8608,R,14265
225502,1,412,1,R,776,R,1312,R,721,R,1527,R,2088,R,2248,R,1497,R,2839,R,4336
225511,1,412,1,R,16513,R,17095,R,6445,R,6271,R,33608,R,12716,R,22958,R,23366,R,46324
225627,1,412,1,R,2427,R,3787,R,909,R,1140,R,6214,R,2049,R,3336,R,4927,R,8263
225991,1,412,1,R,59,R,52,Z,0,Z,0,R,111,Z,0,R,59,R,52,R,111
226134,1,412,1,R,1382,R,1530,R,3069,R,4200,R,2912,R,7269,R,4451,R,5730,R,10181
226152,1,412,1,R,2177,R,3205,R,897,R,1605,R,5382,R,2502,R,3074,R,4810,R,7884
226204,1,412,1,R,736,R,603,R,3425,R,3009,R,1339,R,6434,R,4161,R,3612,R,7773
226277,1,412,1,R,1056,R,40,Z,0,Z,0,R,1096,Z,0,R,1056,R,40,R,1096
226383,1,412,1,R,526,R,798,R,113,R,368,R,1324,R,481,R,639,R,1166,R,1805
226408,1,412,1,R,526,R,590,R,1403,R,2154,R,1116,R,3557,R,1929,R,2744,R,4673
226471,1,412,1,R,1255,R,2254,R,118,R,261,R,3509,R,379,R,1373,R,2515,R,3888
226578,1,412,1,R,1186,R,2152,R,1790,R,3827,R,3338,R,5617,R,2976,R,5979,R,8955
226587,1,412,1,R,490,R,500,R,79,R,63,R,990,R,142,R,569,R,563,R,1132
226675,1,412,1,R,47,R,303,Z,0,Z,0,R,350,Z,0,R,47,R,303,R,350
226806,1,412,1,R,625,R,959,R,1562,R,2306,R,1584,R,3868,R,2187,R,3265,R,5452
226930,1,412,1,R,756,R,838,R,4026,R,5999,R,1594,R,10025,R,4782,R,6837,R,11619
227146,1,412,1,R,1336,R,1791,R,2112,R,3362,R,3127,R,5474,R,3448,R,5153,R,8601
227182,1,412,1,R,9023,R,10922,R,20546,R,33008,R,19945,R,53554,R,29569,R,43930,R,73499
227191,1,412,1,R,945,R,911,R,4250,R,5406,R,1856,R,9656,R,5195,R,6317,R,11512
227216,1,412,1,R,13218,R,15223,R,4436,R,5364,R,28441,R,9800,R,17654,R,20587,R,38241
227225,1,412,1,R,529,R,866,R,690,R,1006,R,1395,R,1696,R,1219,R,1872,R,3091
227298,1,412,1,R,127,R,9,Z,0,Z,0,R,136,Z,0,R,127,R,9,R,136
227331,1,412,1,R,694,R,2124,R,84,R,247,R,2818,R,331,R,778,R,2371,R,3149
227368,1,412,1,R,8679,R,11693,R,3477,R,4795,R,20372,R,8272,R,12156,R,16488,R,28644
227377,1,412,1,R,805,R,861,R,2350,R,3114,R,1666,R,5464,R,3155,R,3975,R,7130
227386,1,412,1,R,393,R,776,R,482,R,1115,R,1169,R,1597,R,875,R,1891,R,2766
227401,1,412,1,R,753,R,1012,R,1235,R,1959,R,1765,R,3194,R,1988,R,2971,R,4959
227526,1,412,1,R,3027,R,5400,R,405,R,684,R,8427,R,1089,R,3432,R,6084,R,9516
227757,1,412,1,R,3863,R,2902,R,194,R,165,R,6765,R,359,R,4057,R,3067,R,7124
227766,1,412,1,R,2031,R,1913,R,7131,R,8957,R,3944,R,16088,R,9162,R,10870,R,20032
227845,1,412,1,R,1348,R,2241,R,254,R,458,R,3589,R,712,R,1602,R,2699,R,4301
227854,1,412,1,R,718,R,838,R,4333,R,5701,R,1556,R,10034,R,5051,R,6539,R,11590
227863,1,412,1,R,678,R,1277,R,494,R,774,R,1955,R,1268,R,1172,R,2051,R,3223
227881,1,412,1,R,5919,R,9826,R,1963,R,3505,R,15745,R,5468,R,7882,R,13331,R,21213
227924,1,412,1,R,1448,R,2005,R,5583,R,8537,R,3453,R,14120,R,7031,R,10542,R,17573
227979,1,412,1,R,3301,R,4047,R,10050,R,14739,R,7348,R,24789,R,13351,R,18786,R,32137
228042,1,412,1,R,544,R,642,R,46,R,186,R,1186,R,232,R,590,R,828,R,1418
228149,1,412,1,R,1438,R,1709,R,227,R,274,R,3147,R,501,R,1665,R,1983,R,3648
228158,1,412,1,R,1939,R,2341,R,1937,R,3093,R,4280,R,5030,R,3876,R,5434,R,9310
228246,1,412,1,R,4630,R,4265,R,1411,R,1343,R,8895,R,2754,R,6041,R,5608,R,11649
228316,1,412,1,R,738,R,1098,R,2100,R,2958,R,1836,R,5058,R,2838,R,4056,R,6894
228343,1,412,1,R,636,R,780,R,9,R,9,R,1416,R,18,R,645,R,789,R,1434
228459,1,412,1,R,12525,R,18059,R,3520,R,4540,R,30584,R,8060,R,16045,R,22599,R,38644
228501,1,412,1,R,683,R,756,R,438,R,862,R,1439,R,1300,R,1121,R,1618,R,2739
228529,1,412,1,R,3341,R,5394,R,1622,R,2752,R,8735,R,4374,R,4963,R,8146,R,13109
228547,1,412,1,R,6254,R,7725,R,14668,R,22453,R,13979,R,37121,R,20922,R,30178,R,51100
228608,1,412,1,R,593,R,1000,R,1088,R,2230,R,1593,R,3318,R,1681,R,3230,R,4911
228635,1,412,1,R,753,R,899,R,335,R,279,R,1652,R,614,R,1088,R,1178,R,2266
228644,1,412,1,R,1140,R,1681,R,148,R,323,R,2821,R,471,R,1288,R,2004,R,3292
228699,1,412,1,R,576,R,940,R,1000,R,1723,R,1516,R,2723,R,1576,R,2663,R,4239
228705,1,412,1,R,3185,R,2795,R,1203,R,1358,R,5980,R,2561,R,4388,R,4153,R,8541
228723,1,412,1,R,31346,R,27874,R,5104,R,4355,R,59220,R,9459,R,36450,R,32229,R,68679
228769,1,412,1,R,11357,R,12513,R,6539,R,17490,R,23870,R,24029,R,17896,R,30003,R,47899
228778,1,412,1,R,22808,R,25734,R,1712,R,1578,R,48542,R,3290,R,24520,R,27312,R,51832
228787,1,412,1,R,12928,R,9780,R,3391,R,2656,R,22708,R,6047,R,16319,R,12436,R,28755
228796,1,412,1,R,7368,R,8063,R,4178,R,5542,R,15431,R,9720,R,11546,R,13605,R,25151
228802,1,412,1,R,2326,R,3160,R,1826,R,2894,R,5486,R,4720,R,4152,R,6054,R,10206
228875,1,412,1,R,4320,R,6166,R,188,R,244,R,10486,R,432,R,4508,R,6410,R,10918
228981,1,412,1,R,684,R,678,R,33,R,48,R,1362,R,81,R,717,R,726,R,1443
229018,1,412,1,R,1034,R,1114,R,1358,R,2328,R,2148,R,3686,R,2392,R,3442,R,5834
229027,1,412,1,R,11942,R,12473,R,3929,R,3920,R,24415,R,7849,R,15871,R,16393,R,32264
229063,1,412,1,R,3404,R,4623,R,664,R,1041,R,8027,R,1705,R,4068,R,5664,R,9732
229115,1,412,1,R,16642,R,14853,R,3284,R,3430,R,31495,R,6714,R,19926,R,18283,R,38209
229160,1,412,1,R,846,R,944,R,117,R,329,R,1790,R,446,R,963,R,1273,R,2236
229179,1,412,1,R,949,R,8052,R,933,R,5584,R,9001,R,6517,R,1882,R,13636,R,15518
229267,1,412,1,R,1185,R,1363,R,51,R,38,R,2548,R,89,R,1236,R,1401,R,2637
229337,1,412,1,R,1046,R,2475,R,352,R,1210,R,3521,R,1562,R,1398,R,3685,R,5083
229504,1,412,1,R,395,R,537,R,715,R,1407,R,932,R,2122,R,1110,R,1944,R,3054
229780,1,412,1,R,596,R,418,R,1580,R,1910,R,1014,R,3490,R,2176,R,2328,R,4504
229799,1,412,1,R,819,R,1247,R,1596,R,2727,R,2066,R,4323,R,2415,R,3974,R,6389
229814,1,412,1,R,2585,R,3528,R,1663,R,2253,R,6113,R,3916,R,4248,R,5781,R,10029
229841,1,412,1,R,1460,R,1407,R,1480,R,2421,R,2867,R,3901,R,2940,R,3828,R,6768
229887,1,412,1,R,371,R,506,R,63,R,63,R,877,R,126,R,434,R,569,R,1003
230038,1,412,1,R,15310,R,14852,R,2313,R,2024,R,30162,R,4337,R,17623,R,16876,R,34499
230047,1,412,1,R,1141,R,1727,R,103,R,205,R,2868,R,308,R,1244,R,1932,R,3176
230056,1,412,1,R,6,R,51,R,0,R,12,R,57,R,12,R,6,R,63,R,69
230065,1,412,1,R,0,R,58,R,0,R,72,R,58,R,72,R,0,R,130,R,130
230162,1,412,1,R,246,R,268,R,1645,R,1003,R,514,R,2648,R,1891,R,1271,R,3162
230171,1,412,1,R,2629,R,3496,R,1627,R,2198,R,6125,R,3825,R,4256,R,5694,R,9950
230214,1,412,1,R,21,R,112,R,25,R,125,R,133,R,150,R,46,R,237,R,283
230366,1,412,1,R,28,R,117,R,2,R,58,R,145,R,60,R,30,R,175,R,205
230418,1,412,1,R,670,R,597,R,389,R,340,R,1267,R,729,R,1059,R,937,R,1996
230597,1,412,1,R,1461,R,1765,R,981,R,1307,R,3226,R,2288,R,2442,R,3072,R,5514
230603,1,412,1,R,3176,R,3858,R,1135,R,2027,R,7034,R,3162,R,4311,R,5885,R,10196
230728,1,412,1,R,8863,R,9627,R,3911,R,5531,R,18490,R,9442,R,12774,R,15158,R,27932
230737,1,412,1,R,10423,R,9028,R,10581,R,9899,R,19451,R,20480,R,21004,R,18927,R,39931
230746,1,412,1,R,3680,R,3816,R,9977,R,11683,R,7496,R,21660,R,13657,R,15499,R,29156
230764,1,412,1,R,13118,R,11747,R,4385,R,3773,R,24865,R,8158,R,17503,R,15520,R,33023
230782,1,412,1,R,5362,R,6412,R,7271,R,9202,R,11774,R,16473,R,12633,R,15614,R,28247
230807,1,412,1,R,892,R,1307,R,111,R,167,R,2199,R,278,R,1003,R,1474,R,2477
230816,1,412,1,R,257,R,523,R,28,R,3,R,780,R,31,R,285,R,526,R,811
230834,1,412,1,R,838,R,865,R,137,R,356,R,1703,R,493,R,975,R,1221,R,2196
230861,1,412,1,R,334,R,434,R,1407,R,3203,R,768,R,4610,R,1741,R,3637,R,5378
230913,1,412,1,R,788,R,929,R,282,R,591,R,1717,R,873,R,1070,R,1520,R,2590
230940,1,412,1,R,61,R,79,R,1,R,1,R,140,R,2,R,62,R,80,R,142
230959,1,412,1,R,1201,R,1350,R,11,R,49,R,2551,R,60,R,1212,R,1399,R,2611
231077,1,412,1,R,60,R,91,R,18,R,58,R,151,R,76,R,78,R,149,R,227
231165,1,412,1,R,588,R,400,R,266,R,384,R,988,R,650,R,854,R,784,R,1638
231174,1,412,1,R,4927,R,7014,R,537,R,917,R,11941,R,1454,R,5464,R,7931,R,13395
231280,1,412,1,R,6,R,52,R,1,R,30,R,58,R,31,R,7,R,82,R,89
231411,1,412,1,R,571,R,38,Z,0,Z,0,R,609,Z,0,R,571,R,38,R,609
231420,1,412,1,R,538,R,392,R,13,R,18,R,930,R,31,R,551,R,410,R,961
231536,1,412,1,R,565,R,626,R,1104,R,1804,R,1191,R,2908,R,1669,R,2430,R,4099
231581,1,412,1,R,823,R,1027,R,2,R,5,R,1850,R,7,R,825,R,1032,R,1857
231624,1,412,1,R,3472,R,4514,R,380,R,451,R,7986,R,831,R,3852,R,4965,R,8817
231697,1,412,1,R,594,R,734,R,1210,R,1509,R,1328,R,2719,R,1804,R,2243,R,4047
231712,1,412,1,R,2139,R,2730,R,43,R,45,R,4869,R,88,R,2182,R,2775,R,4957
231721,1,412,1,Z,0,Z,0,R,1,R,19,Z,0,R,20,R,1,R,19,R,20
231785,1,412,1,R,122,R,260,R,24,R,123,R,382,R,147,R,146,R,383,R,529
231828,1,412,1,R,45,R,345,R,35,R,316,R,390,R,351,R,80,R,661,R,741
231873,1,412,1,R,170,R,235,R,200,R,376,R,405,R,576,R,370,R,611,R,981
231882,1,412,1,R,510,R,477,R,748,R,1093,R,987,R,1841,R,1258,R,1570,R,2828
232025,1,412,1,R,532,R,687,R,11,R,16,R,1219,R,27,R,543,R,703,R,1246
232043,1,412,1,R,390,R,585,R,107,R,362,R,975,R,469,R,497,R,947,R,1444
232052,1,412,1,R,66,R,78,R,188,R,322,R,144,R,510,R,254,R,400,R,654
232186,1,412,1,R,12482,R,13228,R,5181,R,6425,R,25710,R,11606,R,17663,R,19653,R,37316
232195,1,412,1,R,962,R,1237,R,1874,R,3134,R,2199,R,5008,R,2836,R,4371,R,7207
232256,1,412,1,R,1068,R,2,R,2,R,0,R,1070,R,2,R,1070,R,2,R,1072
232414,1,412,1,R,1095,R,1358,R,2424,R,3860,R,2453,R,6284,R,3519,R,5218,R,8737
232450,1,412,1,R,1106,R,1325,R,3290,R,4423,R,2431,R,7713,R,4396,R,5748,R,10144
232557,1,412,1,R,16835,R,24974,R,15602,R,21741,R,41809,R,37343,R,32437,R,46715,R,79152
232566,1,412,1,R,1251,R,2678,R,224,R,758,R,3929,R,982,R,1475,R,3436,R,4911
232575,1,412,1,R,879,R,1088,R,1767,R,3064,R,1967,R,4831,R,2646,R,4152,R,6798
232672,1,412,1,R,201,R,1170,R,82,R,449,R,1371,R,531,R,283,R,1619,R,1902
232681,1,412,1,R,1420,R,2574,R,255,R,478,R,3994,R,733,R,1675,R,3052,R,4727
232706,1,412,1,R,892,R,1794,R,239,R,493,R,2686,R,732,R,1131,R,2287,R,3418
232788,1,412,1,R,392,R,552,R,608,R,954,R,944,R,1562,R,1000,R,1506,R,2506
232867,1,412,1,R,865,R,788,R,1394,R,1372,R,1653,R,2766,R,2259,R,2160,R,4419
232885,1,412,1,R,25,R,229,R,8,R,124,R,254,R,132,R,33,R,353,R,386
232946,1,412,1,R,8680,R,8029,R,15940,R,18280,R,16709,R,34220,R,24620,R,26309,R,50929
232982,1,412,1,R,7340,R,9265,R,3227,R,4344,R,16605,R,7571,R,10567,R,13609,R,24176
233019,1,412,1,R,488,R,695,R,428,R,655,R,1183,R,1083,R,916,R,1350,R,2266
233037,1,412,1,R,161,R,222,R,318,R,587,R,383,R,905,R,479,R,809,R,1288
233116,1,412,1,R,573,R,539,R,1775,R,2558,R,1112,R,4333,R,2348,R,3097,R,5445
233277,1,412,1,R,3325,R,4765,R,332,R,913,R,8090,R,1245,R,3657,R,5678,R,9335
233286,1,412,1,R,13,R,75,Z,0,Z,0,R,88,Z,0,R,13,R,75,R,88
233295,1,412,1,R,688,R,776,R,13,R,11,R,1464,R,24,R,701,R,787,R,1488
233310,1,412,1,R,309,R,432,R,763,R,1578,R,741,R,2341,R,1072,R,2010,R,3082
233356,1,412,1,R,21,R,201,R,14,R,222,R,222,R,236,R,35,R,423,R,458
233426,1,412,1,R,825,R,1131,R,20,R,38,R,1956,R,58,R,845,R,1169,R,2014
233541,1,412,1,R,1054,R,1855,R,221,R,687,R,2909,R,908,R,1275,R,2542,R,3817
233639,1,412,1,R,395,R,696,R,835,R,1504,R,1091,R,2339,R,1230,R,2200,R,3430
233648,1,412,1,R,375,R,701,R,467,R,830,R,1076,R,1297,R,842,R,1531,R,2373
233684,1,412,1,R,809,R,668,R,1225,R,2818,R,1477,R,4043,R,2034,R,3486,R,5520
233718,1,412,1,R,8,R,324,R,1,R,4,R,332,R,5,R,9,R,328,R,337
233754,1,412,1,R,1144,R,1303,R,1989,R,3249,R,2447,R,5238,R,3133,R,4552,R,7685
233772,1,412,1,R,3209,R,4166,R,5225,R,8341,R,7375,R,13566,R,8434,R,12507,R,20941
233842,1,412,1,R,37,R,49,R,16,R,44,R,86,R,60,R,53,R,93,R,146
233903,1,412,1,R,393,R,489,R,581,R,924,R,882,R,1505,R,974,R,1413,R,2387
233921,1,412,1,R,18098,R,13874,R,1638,R,1073,R,31972,R,2711,R,19736,R,14947,R,34683
233949,1,412,1,R,823,R,1035,R,2245,R,2724,R,1858,R,4969,R,3068,R,3759,R,6827
234030,1,412,1,R,9954,R,15347,R,2178,R,3218,R,25301,R,5396,R,12132,R,18565,R,30697
234076,1,412,1,R,10693,R,11816,R,659,R,1471,R,22509,R,2130,R,11352,R,13287,R,24639
234085,1,412,1,R,1467,R,218,Z,0,Z,0,R,1685,Z,0,R,1467,R,218,R,1685
234119,1,412,1,R,1,R,8,R,4,R,1,R,9,R,5,R,5,R,9,R,14
234155,1,412,1,R,1731,R,2344,R,135,R,175,R,4075,R,310,R,1866,R,2519,R,4385
234173,1,412,1,R,533,R,746,R,55,R,103,R,1279,R,158,R,588,R,849,R,1437
234207,1,412,1,R,1126,R,1093,R,2,R,2,R,2219,R,4,R,1128,R,1095,R,2223
234377,1,412,1,R,313,R,548,R,632,R,1021,R,861,R,1653,R,945,R,1569,R,2514
234669,1,412,1,R,3169,R,3697,R,2668,R,3692,R,6866,R,6360,R,5837,R,7389,R,13226
234696,1,412,1,R,786,R,655,R,350,R,525,R,1441,R,875,R,1136,R,1180,R,2316
234711,1,412,1,R,683,R,773,R,285,R,303,R,1456,R,588,R,968,R,1076,R,2044
234827,1,412,1,R,5080,R,5488,R,748,R,1026,R,10568,R,1774,R,5828,R,6514,R,12342
234845,1,412,1,R,686,R,963,R,446,R,1072,R,1649,R,1518,R,1132,R,2035,R,3167
234915,1,412,1,R,186,R,177,R,677,R,1073,R,363,R,1750,R,863,R,1250,R,2113
234924,1,412,1,R,33,R,227,Z,0,Z,0,R,260,Z,0,R,33,R,227,R,260
234933,1,412,1,R,2087,R,2820,R,2096,R,2875,R,4907,R,4971,R,4183,R,5695,R,9878
234951,1,412,1,R,1124,R,1166,R,280,R,1335,R,2290,R,1615,R,1404,R,2501,R,3905
234979,1,412,1,R,1630,R,2298,R,1589,R,1517,R,3928,R,3106,R,3219,R,3815,R,7034
235088,1,412,1,R,235,R,8,Z,0,Z,0,R,243,Z,0,R,235,R,8,R,243
235103,1,412,1,R,1755,R,1822,R,1927,R,2537,R,3577,R,4464,R,3682,R,4359,R,8041
235149,1,412,1,R,1883,R,2203,R,1714,R,2157,R,4086,R,3871,R,3597,R,4360,R,7957
235167,1,412,1,R,1228,R,1745,R,129,R,225,R,2973,R,354,R,1357,R,1970,R,3327
235237,1,412,1,R,967,R,1676,R,1263,R,2161,R,2643,R,3424,R,2230,R,3837,R,6067
235316,1,412,1,R,2720,R,3124,R,574,R,1145,R,5844,R,1719,R,3294,R,4269,R,7563
235334,1,412,1,R,575,R,708,R,280,R,305,R,1283,R,585,R,855,R,1013,R,1868
235343,1,412,1,R,2805,R,2521,R,1496,R,1649,R,5326,R,3145,R,4301,R,4170,R,8471
235422,1,412,1,R,228,R,598,R,40,R,114,R,826,R,154,R,268,R,712,R,980
235431,1,412,1,R,1598,R,2075,R,1103,R,1754,R,3673,R,2857,R,2701,R,3829,R,6530
235671,1,412,1,R,1201,R,832,R,1252,R,1160,R,2033,R,2412,R,2453,R,1992,R,4445
235699,1,412,1,R,907,R,838,R,567,R,1358,R,1745,R,1925,R,1474,R,2196,R,3670
235750,1,412,1,R,513,R,979,R,369,R,958,R,1492,R,1327,R,882,R,1937,R,2819
236072,1,412,1,R,988,R,886,R,1354,R,2701,R,1874,R,4055,R,2342,R,3587,R,5929
236188,1,412,1,R,1936,R,2088,R,1139,R,1457,R,4024,R,2596,R,3075,R,3545,R,6620
236258,1,412,1,R,560,R,596,R,370,R,526,R,1156,R,896,R,930,R,1122,R,2052
236328,1,412,1,R,1000,R,1590,R,12,R,64,R,2590,R,76,R,1012,R,1654,R,2666
236504,1,412,1,R,1063,R,848,R,3042,R,1224,R,1911,R,4266,R,4105,R,2072,R,6177
236513,1,412,1,R,1663,R,1960,R,1263,R,1916,R,3623,R,3179,R,2926,R,3876,R,6802
236577,1,412,1,R,1011,R,2114,R,178,R,385,R,3125,R,563,R,1189,R,2499,R,3688
236595,1,412,1,R,2234,R,3670,R,548,R,839,R,5904,R,1387,R,2782,R,4509,R,7291
236610,1,412,1,R,1490,R,1421,R,1090,R,1948,R,2911,R,3038,R,2580,R,3369,R,5949
236638,1,412,1,R,1058,R,1488,R,1385,R,1228,R,2546,R,2613,R,2443,R,2716,R,5159
236656,1,412,1,R,1244,R,1579,R,771,R,1278,R,2823,R,2049,R,2015,R,2857,R,4872
236692,1,412,1,R,1932,R,2330,R,2426,R,3687,R,4262,R,6113,R,4358,R,6017,R,10375
236708,1,412,1,R,1561,R,2000,R,602,R,1021,R,3561,R,1623,R,2163,R,3021,R,5184
236753,1,412,1,R,1489,R,2323,R,777,R,1653,R,3812,R,2430,R,2266,R,3976,R,6242
236887,1,412,1,R,1215,R,1055,R,860,R,730,R,2270,R,1590,R,2075,R,1785,R,3860
236939,1,412,1,R,12635,R,14048,R,2240,R,2555,R,26683,R,4795,R,14875,R,16603,R,31478
236975,1,412,1,R,1036,R,1361,R,386,R,661,R,2397,R,1047,R,1422,R,2022,R,3444
237011,1,412,1,R,6164,R,8455,R,749,R,753,R,14619,R,1502,R,6913,R,9208,R,16121
237039,1,412,1,R,1094,R,1274,R,750,R,1145,R,2368,R,1895,R,1844,R,2419,R,4263
237057,1,412,1,R,613,R,823,R,20,R,19,R,1436,R,39,R,633,R,842,R,1475
237066,1,412,1,R,964,R,1487,R,98,R,227,R,2451,R,325,R,1062,R,1714,R,2776
237109,1,412,1,R,1061,R,1980,R,511,R,904,R,3041,R,1415,R,1572,R,2884,R,4456
237118,1,412,1,R,465,R,394,R,12,R,40,R,859,R,52,R,477,R,434,R,911
237215,1,412,1,R,365,R,620,R,89,R,201,R,985,R,290,R,454,R,821,R,1275
237303,1,412,1,R,14,R,66,Z,0,Z,0,R,80,Z,0,R,14,R,66,R,80
237312,1,412,1,R,885,R,924,R,619,R,195,R,1809,R,814,R,1504,R,1119,R,2623
237330,1,412,1,R,666,R,1018,R,92,R,264,R,1684,R,356,R,758,R,1282,R,2040
237358,1,412,1,R,303,R,440,R,17,R,33,R,743,R,50,R,320,R,473,R,793
237367,1,412,1,R,1445,R,1772,R,219,R,511,R,3217,R,730,R,1664,R,2283,R,3947
237525,1,412,1,R,4100,R,5488,R,1248,R,2368,R,9588,R,3616,R,5348,R,7856,R,13204
237701,1,412,1,R,472,R,546,R,111,R,211,R,1018,R,322,R,583,R,757,R,1340
237792,1,412,1,R,1095,R,1528,R,464,R,561,R,2623,R,1025,R,1559,R,2089,R,3648
237817,1,412,1,R,348,R,700,R,136,R,274,R,1048,R,410,R,484,R,974,R,1458
237880,1,412,1,R,430,R,411,Z,0,Z,0,R,841,Z,0,R,430,R,411,R,841
237899,1,412,1,R,753,R,941,R,752,R,1246,R,1694,R,1998,R,1505,R,2187,R,3692
237905,1,412,1,R,8,R,48,Z,0,Z,0,R,56,Z,0,R,8,R,48,R,56
237950,1,412,1,R,681,R,494,R,259,R,321,R,1175,R,580,R,940,R,815,R,1755
237969,1,412,1,R,555,R,711,R,9,R,19,R,1266,R,28,R,564,R,730,R,1294
238032,1,412,1,R,12206,R,11640,R,1233,R,1785,R,23846,R,3018,R,13439,R,13425,R,26864
238193,1,412,1,R,40,R,1344,R,18,R,449,R,1384,R,467,R,58,R,1793,R,1851
238263,1,412,1,R,2033,R,1926,R,4701,R,6590,R,3959,R,11291,R,6734,R,8516,R,15250
238397,1,412,1,R,381,R,439,R,472,R,930,R,820,R,1402,R,853,R,1369,R,2222
238430,1,412,1,R,306,R,677,R,365,R,800,R,983,R,1165,R,671,R,1477,R,2148
238458,1,412,1,R,984,R,2015,R,150,R,203,R,2999,R,353,R,1134,R,2218,R,3352
238573,1,412,1,R,12,R,96,R,3,R,11,R,108,R,14,R,15,R,107,R,122
238722,1,412,1,R,1293,R,864,R,5116,R,4436,R,2157,R,9552,R,6409,R,5300,R,11709
239008,1,412,1,R,324,R,320,R,1044,R,1275,R,644,R,2319,R,1368,R,1595,R,2963
239017,1,412,1,R,660,R,760,R,20,R,23,R,1420,R,43,R,680,R,783,R,1463
239080,1,412,1,R,397,R,848,R,116,R,458,R,1245,R,574,R,513,R,1306,R,1819
239105,1,412,1,R,4686,R,5704,R,585,R,630,R,10390,R,1215,R,5271,R,6334,R,11605
239169,1,412,1,R,682,R,643,R,34,R,54,R,1325,R,88,R,716,R,697,R,1413
239220,1,412,1,R,391,R,310,R,758,R,1231,R,701,R,1989,R,1149,R,1541,R,2690
239248,1,412,1,R,2130,R,2283,R,4308,R,6557,R,4413,R,10865,R,6438,R,8840,R,15278
239309,1,412,1,R,229,R,509,R,8,R,10,R,738,R,18,R,237,R,519,R,756
239318,1,412,1,R,1867,R,662,R,200,R,91,R,2529,R,291,R,2067,R,753,R,2820
239424,1,412,1,R,31,R,4,R,21,R,9,R,35,R,30,R,52,R,13,R,65
239442,1,412,1,R,125,R,154,R,386,R,618,R,279,R,1004,R,511,R,772,R,1283
239460,1,412,1,R,589,R,614,R,2126,R,3066,R,1203,R,5192,R,2715,R,3680,R,6395
239488,1,412,1,R,1394,R,1179,R,3548,R,5384,R,2573,R,8932,R,4942,R,6563,R,11505
239716,1,412,1,R,879,R,1234,R,45,R,70,R,2113,R,115,R,924,R,1304,R,2228
239877,1,412,1,R,3,R,40,R,1,R,4,R,43,R,5,R,4,R,44,R,48
240107,1,412,1,R,493,R,1351,R,184,R,570,R,1844,R,754,R,677,R,1921,R,2598
240189,1,412,1,R,5381,R,5222,R,1076,R,1380,R,10603,R,2456,R,6457,R,6602,R,13059
240198,1,412,1,R,556,R,568,R,546,R,1293,R,1124,R,1839,R,1102,R,1861,R,2963
240268,1,412,1,R,3763,R,6143,R,680,R,1018,R,9906,R,1698,R,4443,R,7161,R,11604
240277,1,412,1,R,1905,R,3056,R,1206,R,2399,R,4961,R,3605,R,3111,R,5455,R,8566
240329,1,412,1,R,4117,R,5431,R,489,R,560,R,9548,R,1049,R,4606,R,5991,R,10597
240338,1,412,1,R,435,R,523,R,104,R,186,R,958,R,290,R,539,R,709,R,1248
240365,1,412,1,R,3836,R,5538,R,2650,R,4386,R,9374,R,7036,R,6486,R,9924,R,16410
240374,1,412,1,R,1556,R,1731,R,469,R,539,R,3287,R,1008,R,2025,R,2270,R,4295
240417,1,412,1,R,3595,R,2837,R,1105,R,1233,R,6432,R,2338,R,4700,R,4070,R,8770
240426,1,412,1,R,737,R,1152,R,231,R,483,R,1889,R,714,R,968,R,1635,R,2603
240444,1,412,1,R,18919,R,20126,R,2235,R,2183,R,39045,R,4418,R,21154,R,22309,R,43463
240453,1,412,1,R,9707,R,11114,R,2716,R,3475,R,20821,R,6191,R,12423,R,14589,R,27012
240462,1,412,1,R,4578,R,2431,R,1092,R,854,R,7009,R,1946,R,5670,R,3285,R,8955
240471,1,412,1,R,1962,R,3434,R,286,R,453,R,5396,R,739,R,2248,R,3887,R,6135
240480,1,412,1,R,3553,R,3959,R,598,R,976,R,7512,R,1574,R,4151,R,4935,R,9086
240505,1,412,1,R,646,R,859,R,889,R,1256,R,1505,R,2145,R,1535,R,2115,R,3650
240514,1,412,1,R,244,R,378,R,551,R,801,R,622,R,1352,R,795,R,1179,R,1974
240596,1,412,1,R,228,R,313,R,398,R,523,R,541,R,921,R,626,R,836,R,1462
240620,1,412,1,R,617,R,980,R,1011,R,1489,R,1597,R,2500,R,1628,R,2469,R,4097
240657,1,412,1,R,387,R,424,R,223,R,454,R,811,R,677,R,610,R,878,R,1488
240666,1,412,1,R,655,R,779,R,1543,R,1191,R,1434,R,2734,R,2198,R,1970,R,4168
240693,1,412,1,R,483,R,613,R,991,R,1096,R,1096,R,2087,R,1474,R,1709,R,3183
240727,1,412,1,R,5039,R,4916,R,1044,R,1451,R,9955,R,2495,R,6083,R,6367,R,12450
240736,1,412,1,R,195,R,418,R,124,R,300,R,613,R,424,R,319,R,718,R,1037
240745,1,412,1,R,408,R,527,R,524,R,623,R,935,R,1147,R,932,R,1150,R,2082
240754,1,412,1,R,1220,R,1623,R,364,R,537,R,2843,R,901,R,1584,R,2160,R,3744
240790,1,412,1,R,349,R,578,R,104,R,163,R,927,R,267,R,453,R,741,R,1194
241182,1,412,1,R,93,R,326,Z,0,Z,0,R,419,Z,0,R,93,R,326,R,419
241191,1,412,1,R,435,R,685,R,45,R,88,R,1120,R,133,R,480,R,773,R,1253
241395,1,412,1,R,217,R,450,R,60,R,213,R,667,R,273,R,277,R,663,R,940
241410,1,412,1,R,2175,R,3683,R,434,R,844,R,5858,R,1278,R,2609,R,4527,R,7136
241614,1,412,1,R,103,R,97,R,85,R,91,R,200,R,176,R,188,R,188,R,376
241720,1,412,1,R,375,R,581,R,106,R,112,R,956,R,218,R,481,R,693,R,1174
241739,1,412,1,R,3080,R,5658,R,996,R,1862,R,8738,R,2858,R,4076,R,7520,R,11596
241766,1,412,1,R,188,R,96,R,94,R,35,R,284,R,129,R,282,R,131,R,413
241836,1,412,1,R,273,R,511,R,108,R,213,R,784,R,321,R,381,R,724,R,1105
241906,1,412,1,R,100,R,298,Z,0,Z,0,R,398,Z,0,R,100,R,298,R,398
241951,1,412,1,R,93,R,229,R,34,R,85,R,322,R,119,R,127,R,314,R,441
242112,1,412,1,R,256,R,421,R,36,R,83,R,677,R,119,R,292,R,504,R,796
242130,1,412,1,R,89,R,146,R,15,R,39,R,235,R,54,R,104,R,185,R,289
242149,1,412,1,R,120,R,222,R,37,R,50,R,342,R,87,R,157,R,272,R,429
242556,1,412,1,R,246,R,161,R,59,R,32,R,407,R,91,R,305,R,193,R,498
242583,1,412,1,R,191,R,131,R,78,R,22,R,322,R,100,R,269,R,153,R,422
242617,1,412,1,R,1800,R,2038,R,249,R,363,R,3838,R,612,R,2049,R,2401,R,4450
242626,1,412,1,R,1417,R,1937,R,219,R,330,R,3354,R,549,R,1636,R,2267,R,3903
242635,1,412,1,R,1321,R,2110,R,177,R,346,R,3431,R,523,R,1498,R,2456,R,3954
242644,1,412,1,R,520,R,901,R,85,R,134,R,1421,R,219,R,605,R,1035,R,1640
242653,1,412,1,R,2514,R,3707,R,610,R,1000,R,6221,R,1610,R,3124,R,4707,R,7831
242662,1,412,1,R,1497,R,2363,R,267,R,477,R,3860,R,744,R,1764,R,2840,R,4604
242680,1,412,1,R,657,R,953,R,91,R,188,R,1610,R,279,R,748,R,1141,R,1889
242699,1,412,1,R,500,R,945,R,93,R,188,R,1445,R,281,R,593,R,1133,R,1726
242705,1,412,1,R,2087,R,1700,R,276,R,230,R,3787,R,506,R,2363,R,1930,R,4293
242723,1,412,1,R,130,R,205,R,177,R,251,R,335,R,428,R,307,R,456,R,763
243106,1,412,1,R,1285,R,1563,R,122,R,169,R,2848,R,291,R,1407,R,1732,R,3139
243142,1,412,1,R,975,R,1625,R,333,R,459,R,2600,R,792,R,1308,R,2084,R,3392
243179,1,412,1,R,1113,R,1894,R,102,R,191,R,3007,R,293,R,1215,R,2085,R,3300
243188,1,412,1,R,386,R,406,R,22,R,28,R,792,R,50,R,408,R,434,R,842
243203,1,412,1,R,745,R,1388,R,36,R,84,R,2133,R,120,R,781,R,1472,R,2253
243212,1,412,1,R,1078,R,1537,R,102,R,111,R,2615,R,213,R,1180,R,1648,R,2828
243221,1,412,1,R,4800,R,7853,R,937,R,1342,R,12653,R,2279,R,5737,R,9195,R,14932
243346,1,412,1,R,2767,R,4725,R,1064,R,1774,R,7492,R,2838,R,3831,R,6499,R,10330
243443,1,412,1,R,1331,R,2158,R,364,R,616,R,3489,R,980,R,1695,R,2774,R,4469
243577,1,412,1,R,1501,R,576,R,1645,R,509,R,2077,R,2154,R,3146,R,1085,R,4231
243586,1,412,1,R,410,R,692,R,65,R,106,R,1102,R,171,R,475,R,798,R,1273
243601,1,412,1,R,4549,R,6942,R,1625,R,2583,R,11491,R,4208,R,6174,R,9525,R,15699
243638,1,412,1,R,634,R,781,R,234,R,282,R,1415,R,516,R,868,R,1063,R,1931
243780,1,412,1,R,22001,R,16394,R,3404,R,2675,R,38395,R,6079,R,25405,R,19069,R,44474
243841,1,412,1,R,106,R,373,R,25,R,58,R,479,R,83,R,131,R,431,R,562
244437,1,412,1,R,3142,R,4185,R,4025,R,7135,R,7327,R,11160,R,7167,R,11320,R,18487
244446,1,412,1,R,370,R,552,R,867,R,1585,R,922,R,2452,R,1237,R,2137,R,3374
245281,1,412,1,R,40,R,7,Z,0,Z,0,R,47,Z,0,R,40,R,7,R,47
245421,1,412,1,R,3,R,28,R,0,R,1,R,31,R,1,R,3,R,29,R,32
245838,1,412,1,R,158,R,431,R,51,R,162,R,589,R,213,R,209,R,593,R,802
246345,1,412,1,R,18,R,39,R,36,R,39,R,57,R,75,R,54,R,78,R,132
246354,1,412,1,R,793,R,1282,R,3081,R,4696,R,2075,R,7777,R,3874,R,5978,R,9852
246813,1,412,1,R,481,R,649,R,1178,R,2259,R,1130,R,3437,R,1659,R,2908,R,4567
246895,1,412,1,R,137,R,180,R,74,R,240,R,317,R,314,R,211,R,420,R,631
247153,1,412,1,R,85,R,205,Z,0,Z,0,R,290,Z,0,R,85,R,205,R,290
247700,1,412,1,R,4,R,0,R,11,R,68,R,4,R,79,R,15,R,68,R,83
247834,1,412,1,R,5270,R,5392,R,9627,R,13379,R,10662,R,23006,R,14897,R,18771,R,33668
247940,1,412,1,R,696,R,823,R,1147,R,1274,R,1519,R,2421,R,1843,R,2097,R,3940
248305,1,412,1,R,1,R,57,R,0,R,18,R,58,R,18,R,1,R,75,R,76
248624,1,412,1,R,8,R,80,Z,0,Z,0,R,88,Z,0,R,8,R,80,R,88
248846,1,412,1,R,5,R,56,R,1,R,4,R,61,R,5,R,6,R,60,R,66
248934,1,412,1,R,5367,R,7443,R,85,R,52,R,12810,R,137,R,5452,R,7495,R,12947
249238,1,412,1,R,26,R,342,R,7,R,96,R,368,R,103,R,33,R,438,R,471
250744,1,412,1,R,36,R,404,Z,0,Z,0,R,440,Z,0,R,36,R,404,R,440
251260,1,412,1,R,1207,R,1260,R,773,R,1291,R,2467,R,2064,R,1980,R,2551,R,4531
260372,1,412,1,R,30,R,74,R,19,R,108,R,104,R,127,R,49,R,182,R,231
260813,1,412,1,R,39,R,200,Z,0,Z,0,R,239,Z,0,R,39,R,200,R,239
260901,1,412,1,R,2160,R,5114,R,7194,R,16044,R,7274,R,23238,R,9354,R,21158,R,30512
260910,1,412,1,R,7,R,62,R,11,R,69,R,69,R,80,R,18,R,131,R,149
260929,1,412,1,R,23,R,233,R,0,R,9,R,256,R,9,R,23,R,242,R,265
261436,1,412,1,R,30,R,763,Z,0,Z,0,R,793,Z,0,R,30,R,763,R,793
261719,1,412,1,R,7,R,159,Z,0,Z,0,R,166,Z,0,R,7,R,159,R,166
262022,1,412,1,R,8,R,19,R,72,R,62,R,27,R,134,R,80,R,81,R,161
262031,1,412,1,R,1445,R,1722,R,1228,R,1874,R,3167,R,3102,R,2673,R,3596,R,6269
262086,1,412,1,R,1084,R,2161,R,1907,R,3614,R,3245,R,5521,R,2991,R,5775,R,8766
262129,1,412,1,R,323,R,514,Z,0,Z,0,R,837,Z,0,R,323,R,514,R,837
262341,1,412,1,R,496,R,72,Z,0,Z,0,R,568,Z,0,R,496,R,72,R,568
363165,1,412,1,R,236,R,187,R,384,R,418,R,423,R,802,R,620,R,605,R,1225
363633,1,412,1,R,145,R,147,R,338,R,463,R,292,R,801,R,483,R,610,R,1093
363721,1,412,1,R,40,R,83,R,53,R,80,R,123,R,133,R,93,R,163,R,256
364016,1,412,1,R,1098,R,1059,R,2487,R,3471,R,2157,R,5958,R,3585,R,4530,R,8115
364025,1,412,1,R,2232,R,1882,R,4702,R,5912,R,4114,R,10614,R,6934,R,7794,R,14728
365383,1,412,1,R,12,R,153,Z,0,Z,0,R,165,Z,0,R,12,R,153,R,165
366003,1,412,1,R,90,R,241,R,64,R,83,R,331,R,147,R,154,R,324,R,478
366252,1,412,1,R,2998,R,1380,R,335,R,609,R,4378,R,944,R,3333,R,1989,R,5322
366395,1,412,1,R,6648,R,6539,R,5504,R,7387,R,13187,R,12891,R,12152,R,13926,R,26078
366401,1,412,1,R,1610,R,1349,R,2720,R,3299,R,2959,R,6019,R,4330,R,4648,R,8978
366465,1,412,1,R,231,R,552,R,385,R,846,R,783,R,1231,R,616,R,1398,R,2014
366535,1,412,1,R,82,R,231,Z,0,Z,0,R,313,Z,0,R,82,R,231,R,313
366571,1,412,1,R,1,R,21,Z,0,Z,0,R,22,Z,0,R,1,R,21,R,22
366605,1,412,1,R,6,R,10,R,5,R,16,R,16,R,21,R,11,R,26,R,37
366711,1,412,1,R,4667,R,7989,R,1291,R,2025,R,12656,R,3316,R,5958,R,10014,R,15972
367024,1,412,1,R,32,R,286,R,40,R,402,R,318,R,442,R,72,R,688,R,760
367431,1,412,1,R,1,R,20,Z,0,Z,0,R,21,Z,0,R,1,R,20,R,21
367459,1,412,1,R,1118,R,1308,R,2328,R,3225,R,2426,R,5553,R,3446,R,4533,R,7979
367954,1,412,1,R,1199,R,2301,R,74,R,201,R,3500,R,275,R,1273,R,2502,R,3775
368036,1,412,1,R,2,R,21,Z,0,Z,0,R,23,Z,0,R,2,R,21,R,23
368230,1,412,1,R,4,R,70,R,3,R,35,R,74,R,38,R,7,R,105,R,112
368911,1,412,1,R,117,R,261,R,418,R,1021,R,378,R,1439,R,535,R,1282,R,1817
369783,1,412,1,R,27,R,418,Z,0,Z,0,R,445,Z,0,R,27,R,418,R,445
369905,1,412,1,R,24,R,105,R,6,R,47,R,129,R,53,R,30,R,152,R,182
369950,1,412,1,R,114,R,13,Z,0,Z,0,R,127,Z,0,R,114,R,13,R,127
372462,1,412,1,R,25,R,86,R,0,R,8,R,111,R,8,R,25,R,94,R,119
374574,1,412,1,R,70,R,337,R,24,R,148,R,407,R,172,R,94,R,485,R,579
374972,1,412,1,R,34,R,81,R,21,R,59,R,115,R,80,R,55,R,140,R,195
375407,1,412,1,R,21,R,95,R,9,R,16,R,116,R,25,R,30,R,111,R,141
375984,1,412,1,R,22,R,199,R,9,R,70,R,221,R,79,R,31,R,269,R,300
376224,1,412,1,R,52,R,174,R,11,R,25,R,226,R,36,R,63,R,199,R,262
376288,1,412,1,R,17,R,41,Z,0,Z,0,R,58,Z,0,R,17,R,41,R,58
376385,1,412,1,R,110,R,168,R,3,R,14,R,278,R,17,R,113,R,182,R,295
376446,1,412,1,R,0,R,27,R,2,R,48,R,27,R,50,R,2,R,75,R,77
376631,1,412,1,R,5,R,12,R,4,R,8,R,17,R,12,R,9,R,20,R,29
377722,1,412,1,R,44,R,291,Z,0,Z,0,R,335,Z,0,R,44,R,291,R,335
378956,1,412,1,R,660,R,50,Z,0,Z,0,R,710,Z,0,R,660,R,50,R,710
379621,1,412,1,R,1,R,51,R,1,R,14,R,52,R,15,R,2,R,65,R,67
380359,1,412,1,R,57,R,135,R,68,R,217,R,192,R,285,R,125,R,352,R,477
380438,1,412,1,R,63,R,247,R,25,R,111,R,310,R,136,R,88,R,358,R,446
380456,1,412,1,R,6,R,66,R,2,R,41,R,72,R,43,R,8,R,107,R,115
380465,1,412,1,R,73,R,110,Z,0,Z,0,R,183,Z,0,R,73,R,110,R,183
382063,1,412,1,R,9,R,11,Z,0,Z,0,R,20,Z,0,R,9,R,11,R,20
382258,1,412,1,R,17,R,49,R,8,R,42,R,66,R,50,R,25,R,91,R,116
383190,1,412,1,R,514,R,530,R,489,R,1099,R,1044,R,1588,R,1003,R,1629,R,2632
383765,1,412,1,R,4,R,88,R,0,R,43,R,92,R,43,R,4,R,131,R,135
383996,1,412,1,R,42,R,102,R,199,R,262,R,144,R,461,R,241,R,364,R,605
384254,1,412,1,R,238,R,147,R,7,R,8,R,385,R,15,R,245,R,155,R,400
384333,1,412,1,R,1360,R,1755,R,2644,R,4217,R,3115,R,6861,R,4004,R,5972,R,9976
384342,1,412,1,R,911,R,973,R,1359,R,1820,R,1884,R,3179,R,2270,R,2793,R,5063
389860,1,412,1,R,92,R,134,Z,0,Z,0,R,226,Z,0,R,92,R,134,R,226
392840,1,412,1,R,58,R,102,R,14,R,19,R,160,R,33,R,72,R,121,R,193
395362,1,412,1,R,199,R,386,R,415,R,748,R,585,R,1163,R,614,R,1134,R,1748
395690,1,412,1,R,280,R,291,R,14,R,12,R,571,R,26,R,294,R,303,R,597
399212,1,412,1,R,1554,R,1502,R,5229,R,3088,R,3056,R,8317,R,6783,R,4590,R,11373
399911,1,412,1,R,151,R,291,Z,0,Z,0,R,442,Z,0,R,151,R,291,R,442
401223,1,412,1,R,71,R,101,R,49,R,127,R,172,R,176,R,120,R,228,R,348
403469,1,412,1,R,122,R,148,R,510,R,1151,R,270,R,1661,R,632,R,1299,R,1931
403478,1,412,1,R,202,R,192,R,198,R,300,R,394,R,498,R,400,R,492,R,892
403487,1,412,1,R,226,R,263,R,1731,R,557,R,489,R,2288,R,1957,R,820,R,2777
404222,1,412,1,R,84,R,130,R,2,R,2,R,214,R,4,R,86,R,132,R,218
404426,1,412,1,R,554,R,549,R,1197,R,1419,R,1103,R,2616,R,1751,R,1968,R,3719
404994,1,412,1,R,1401,R,2427,R,115,R,413,R,3828,R,528,R,1516,R,2840,R,4356
405872,1,412,1,R,484,R,498,R,788,R,1280,R,982,R,2068,R,1272,R,1778,R,3050
405997,1,412,1,R,31,R,60,Z,0,Z,0,R,91,Z,0,R,31,R,60,R,91
406024,1,412,1,R,95,R,508,R,84,R,616,R,603,R,700,R,179,R,1124,R,1303
406033,1,412,1,R,128,R,635,R,112,R,635,R,763,R,747,R,240,R,1270,R,1510
406361,1,412,1,R,1,R,16,Z,0,Z,0,R,17,Z,0,R,1,R,16,R,17
407009,1,412,1,R,1445,R,2308,R,291,R,401,R,3753,R,692,R,1736,R,2709,R,4445
407151,1,412,1,R,2,R,79,Z,0,Z,0,R,81,Z,0,R,2,R,79,R,81
407179,1,412,1,R,2,R,34,R,0,R,23,R,36,R,23,R,2,R,57,R,59
407461,1,412,1,R,113,R,40,Z,0,Z,0,R,153,Z,0,R,113,R,40,R,153
407470,1,412,1,R,2,R,114,R,0,R,34,R,116,R,34,R,2,R,148,R,150
407595,1,412,1,R,33,R,44,Z,0,Z,0,R,77,Z,0,R,33,R,44,R,77
407735,1,412,1,R,3,R,28,Z,0,Z,0,R,31,Z,0,R,3,R,28,R,31
408066,1,412,1,R,29,R,74,R,1,R,32,R,103,R,33,R,30,R,106,R,136
408844,1,412,1,R,773,R,1914,R,346,R,1011,R,2687,R,1357,R,1119,R,2925,R,4044
409254,1,412,1,R,4,R,55,R,13,R,270,R,59,R,283,R,17,R,325,R,342
409591,1,412,1,R,21,R,23,R,21,R,73,R,44,R,94,R,42,R,96,R,138
409698,1,412,1,R,2309,R,4148,R,496,R,587,R,6457,R,1083,R,2805,R,4735,R,7540
410496,1,412,1,R,37,R,103,R,15,R,67,R,140,R,82,R,52,R,170,R,222
412544,1,412,1,R,20,R,56,R,1,R,35,R,76,R,36,R,21,R,91,R,112
413680,1,412,1,R,388,R,32,Z,0,Z,0,R,420,Z,0,R,388,R,32,R,420
413945,1,412,1,R,1,R,77,Z,0,Z,0,R,78,Z,0,R,1,R,77,R,78
414823,1,412,1,R,447,R,787,R,45,R,82,R,1234,R,127,R,492,R,869,R,1361
414911,1,412,1,R,353,R,428,R,706,R,1171,R,781,R,1877,R,1059,R,1599,R,2658
415039,1,412,1,R,2,R,54,R,0,R,18,R,56,R,18,R,2,R,72,R,74
415057,1,412,1,R,121,R,1,Z,0,Z,0,R,122,Z,0,R,121,R,1,R,122
416458,1,412,1,R,36,R,126,Z,0,Z,0,R,162,Z,0,R,36,R,126,R,162
416801,1,412,1,R,73,R,228,R,19,R,56,R,301,R,75,R,92,R,284,R,376
417248,1,412,1,R,55,R,4,Z,0,Z,0,R,59,Z,0,R,55,R,4,R,59
417381,1,412,1,R,3,R,44,R,1,R,28,R,47,R,29,R,4,R,72,R,76
417655,1,412,1,R,3,R,26,Z,0,Z,0,R,29,Z,0,R,3,R,26,R,29
417716,1,412,1,R,8,R,156,Z,0,Z,0,R,164,Z,0,R,8,R,156,R,164
417734,1,412,1,R,12,R,59,R,15,R,89,R,71,R,104,R,27,R,148,R,175
417752,1,412,1,R,14,R,20,R,8,R,3,R,34,R,11,R,22,R,23,R,45
417910,1,412,1,R,32,R,175,Z,0,Z,0,R,207,Z,0,R,32,R,175,R,207
418001,1,412,1,R,12,R,216,Z,0,Z,0,R,228,Z,0,R,12,R,216,R,228
418010,1,412,1,R,2,R,19,R,1,R,42,R,21,R,43,R,3,R,61,R,64
418029,1,412,1,R,0,R,9,Z,0,Z,0,R,9,Z,0,R,0,R,9,R,9
418065,1,412,1,R,41,R,181,R,0,R,50,R,222,R,50,R,41,R,231,R,272
418083,1,412,1,R,8,R,47,Z,0,Z,0,R,55,Z,0,R,8,R,47,R,55
418348,1,412,1,R,44,R,12,R,307,R,170,R,56,R,477,R,351,R,182,R,533
418427,1,412,1,R,5,R,76,R,1,R,29,R,81,R,30,R,6,R,105,R,111
418533,1,412,1,R,39,R,176,R,40,R,93,R,215,R,133,R,79,R,269,R,348
418588,1,412,1,R,1,R,34,Z,0,Z,0,R,35,Z,0,R,1,R,34,R,35
418612,1,412,1,R,1,R,14,Z,0,Z,0,R,15,Z,0,R,1,R,14,R,15
418773,1,412,1,R,180,R,244,R,13,R,72,R,424,R,85,R,193,R,316,R,509
420042,1,412,1,R,267,R,84,Z,0,Z,0,R,351,Z,0,R,267,R,84,R,351
420246,1,412,1,R,61,R,270,R,7,R,22,R,331,R,29,R,68,R,292,R,360
420343,1,412,1,R,607,R,15,R,233,R,2,R,622,R,235,R,840,R,17,R,857
420398,1,412,1,R,1798,R,2131,R,5252,R,7112,R,3929,R,12364,R,7050,R,9243,R,16293
420431,1,412,1,R,114,R,204,R,427,R,683,R,318,R,1110,R,541,R,887,R,1428
420440,1,412,1,R,146,R,275,R,448,R,763,R,421,R,1211,R,594,R,1038,R,1632
420538,1,412,1,R,230,R,375,R,312,R,428,R,605,R,740,R,542,R,803,R,1345
420556,1,412,1,R,107,R,214,R,165,R,317,R,321,R,482,R,272,R,531,R,803
420574,1,412,1,R,2914,R,1458,R,482,R,241,R,4372,R,723,R,3396,R,1699,R,5095
421610,1,412,1,R,0,R,39,R,0,R,21,R,39,R,21,R,0,R,60,R,60
421717,1,412,1,R,10,R,28,Z,0,Z,0,R,38,Z,0,R,10,R,28,R,38
423643,1,412,1,R,1725,R,2012,R,38,R,48,R,3737,R,86,R,1763,R,2060,R,3823
423652,1,412,1,R,53,R,153,R,69,R,134,R,206,R,203,R,122,R,287,R,409
426314,1,412,1,R,3420,R,845,R,8355,R,1548,R,4265,R,9903,R,11775,R,2393,R,14168
427308,1,412,1,R,7,R,103,Z,0,Z,0,R,110,Z,0,R,7,R,103,R,110
428055,1,412,1,R,71,R,174,Z,0,Z,0,R,245,Z,0,R,71,R,174,R,245
429094,1,412,1,R,23,R,79,R,5,R,32,R,102,R,37,R,28,R,111,R,139
429128,1,412,1,R,18,R,60,R,66,R,787,R,78,R,853,R,84,R,847,R,931
430184,1,412,1,R,261,R,268,R,606,R,2046,R,529,R,2652,R,867,R,2314,R,3181
430218,1,412,1,R,4,R,47,R,0,R,24,R,51,R,24,R,4,R,71,R,75
430227,1,412,1,R,1,R,55,R,2,R,33,R,56,R,35,R,3,R,88,R,91
430485,1,412,1,R,9,R,29,R,0,R,1,R,38,R,1,R,9,R,30,R,39
430564,1,412,1,R,2,R,9,R,3,R,10,R,11,R,13,R,5,R,19,R,24
430704,1,412,1,R,33,R,69,R,1,R,2,R,102,R,3,R,34,R,71,R,105
430935,1,412,1,R,359,R,80,R,127,R,45,R,439,R,172,R,486,R,125,R,611
431071,1,412,1,R,7,R,23,R,3,R,11,R,30,R,14,R,10,R,34,R,44
431123,1,412,1,R,180,R,1,Z,0,Z,0,R,181,Z,0,R,180,R,1,R,181
431187,1,412,1,R,65,R,0,Z,0,Z,0,R,65,Z,0,R,65,R,0,R,65
431929,1,412,1,R,12,R,95,R,1,R,3,R,107,R,4,R,13,R,98,R,111
432223,1,412,1,R,47,R,26,Z,0,Z,0,R,73,Z,0,R,47,R,26,R,73
432524,1,412,1,R,30,R,75,R,3,R,10,R,105,R,13,R,33,R,85,R,118
433004,1,412,1,R,58,R,235,Z,0,Z,0,R,293,Z,0,R,58,R,235,R,293
433101,1,412,1,R,42,R,383,R,22,R,160,R,425,R,182,R,64,R,543,R,607
433387,1,412,1,R,42135,R,79302,Z,0,Z,0,R,121437,Z,0,R,42135,R,79302,R,121437
434061,1,412,1,R,1479,R,1921,R,1023,R,1859,R,3400,R,2882,R,2502,R,3780,R,6282
434159,1,412,1,R,281,R,107,Z,0,Z,0,R,388,Z,0,R,281,R,107,R,388
434292,1,412,1,R,0,R,2,Z,0,Z,0,R,2,Z,0,R,0,R,2,R,2
434441,1,412,1,R,18,R,64,Z,0,Z,0,R,82,Z,0,R,18,R,64,R,82
434469,1,412,1,R,7,R,33,R,11,R,3,R,40,R,14,R,18,R,36,R,54
434973,1,412,1,R,0,R,1,Z,0,Z,0,R,1,Z,0,R,0,R,1,R,1
435000,1,412,1,R,322,R,535,R,5,R,28,R,857,R,33,R,327,R,563,R,890
436261,1,412,1,R,4,R,32,R,7,R,24,R,36,R,31,R,11,R,56,R,67
436304,1,412,1,R,806,R,749,R,963,R,952,R,1555,R,1915,R,1769,R,1701,R,3470
436818,1,412,1,R,359,R,410,R,50,R,46,R,769,R,96,R,409,R,456,R,865
436827,1,412,1,R,242,R,260,R,32,R,37,R,502,R,69,R,274,R,297,R,571
436836,1,412,1,R,836,R,865,R,154,R,122,R,1701,R,276,R,990,R,987,R,1977
438586,1,412,1,R,373,R,941,R,203,R,289,R,1314,R,492,R,576,R,1230,R,1806
438708,1,412,1,R,34,R,99,R,104,R,246,R,133,R,350,R,138,R,345,R,483
439145,1,412,1,R,712,R,1025,R,1083,R,1633,R,1737,R,2716,R,1795,R,2658,R,4453
439190,1,412,1,R,860,R,784,R,869,R,883,R,1644,R,1752,R,1729,R,1667,R,3396
439288,1,412,1,R,354,R,580,R,39,R,35,R,934,R,74,R,393,R,615,R,1008
439668,1,412,1,R,121,R,13,Z,0,Z,0,R,134,Z,0,R,121,R,13,R,134
439844,1,412,1,R,0,R,54,Z,0,Z,0,R,54,Z,0,R,0,R,54,R,54
440031,1,412,1,R,250,R,353,R,8,R,6,R,603,R,14,R,258,R,359,R,617
440101,1,412,1,R,5,R,88,R,2,R,31,R,93,R,33,R,7,R,119,R,126
440402,1,412,1,R,392,R,647,R,510,R,721,R,1039,R,1231,R,902,R,1368,R,2270
440420,1,412,1,R,3,R,1,Z,0,Z,0,R,4,Z,0,R,3,R,1,R,4
440749,1,412,1,R,23,R,18,R,171,R,57,R,41,R,228,R,194,R,75,R,269
440758,1,412,1,R,1,R,4,R,6,R,19,R,5,R,25,R,7,R,23,R,30
440828,1,412,1,R,269,R,288,R,285,R,417,R,557,R,702,R,554,R,705,R,1259
441371,1,412,1,R,1031,R,16834,R,85,R,943,R,17865,R,1028,R,1116,R,17777,R,18893
441380,1,412,1,R,27,R,27,R,9,R,6,R,54,R,15,R,36,R,33,R,69
441487,1,412,1,R,1,R,54,R,0,R,8,R,55,R,8,R,1,R,62,R,63
441548,1,412,1,R,14,R,63,Z,0,Z,0,R,77,Z,0,R,14,R,63,R,77
441690,1,412,1,R,54,R,47,R,88,R,60,R,101,R,148,R,142,R,107,R,249
441760,1,412,1,R,751,R,614,R,862,R,1038,R,1365,R,1900,R,1613,R,1652,R,3265
441876,1,412,1,R,6,R,109,R,4,R,92,R,115,R,96,R,10,R,201,R,211
441900,1,412,1,R,401,R,1404,R,780,R,2345,R,1805,R,3125,R,1181,R,3749,R,4930
441937,1,412,1,R,2182,R,3978,R,521,R,807,R,6160,R,1328,R,2703,R,4785,R,7488
441982,1,412,1,R,174,R,171,R,21,R,24,R,345,R,45,R,195,R,195,R,390
442064,1,412,1,R,18,R,51,R,3,R,5,R,69,R,8,R,21,R,56,R,77
442073,1,412,1,R,79,R,267,R,41,R,102,R,346,R,143,R,120,R,369,R,489
442161,1,412,1,R,13,R,41,Z,0,Z,0,R,54,Z,0,R,13,R,41,R,54
442240,1,412,1,R,51,R,177,R,25,R,111,R,228,R,136,R,76,R,288,R,364
442295,1,412,1,R,107,R,133,R,4,R,6,R,240,R,10,R,111,R,139,R,250
442329,1,412,1,R,836,R,58,Z,0,Z,0,R,894,Z,0,R,836,R,58,R,894
442356,1,412,1,R,56,R,435,R,188,R,1121,R,491,R,1309,R,244,R,1556,R,1800
442523,1,412,1,R,31,R,42,R,4,R,4,R,73,R,8,R,35,R,46,R,81
442569,1,412,1,R,1829,R,2071,R,2312,R,1847,R,3900,R,4159,R,4141,R,3918,R,8059
442718,1,412,1,R,9,R,89,R,25,R,131,R,98,R,156,R,34,R,220,R,254
442781,1,412,1,R,42,R,99,R,130,R,188,R,141,R,318,R,172,R,287,R,459
442930,1,412,1,R,371,R,516,R,4,R,3,R,887,R,7,R,375,R,519,R,894
442976,1,412,1,R,15,R,110,Z,0,Z,0,R,125,Z,0,R,15,R,110,R,125
443128,1,412,1,R,192,R,224,R,64,R,78,R,416,R,142,R,256,R,302,R,558
443331,1,412,1,R,418,R,1476,R,22,R,75,R,1894,R,97,R,440,R,1551,R,1991
443641,1,412,1,R,3,R,49,R,3,R,99,R,52,R,102,R,6,R,148,R,154
443678,1,412,1,R,2,R,22,R,1,R,21,R,24,R,22,R,3,R,43,R,46
443766,1,412,1,R,71,R,93,R,461,R,2456,R,164,R,2917,R,532,R,2549,R,3081
443784,1,412,1,R,78,R,148,R,483,R,1552,R,226,R,2035,R,561,R,1700,R,2261
444219,1,412,1,R,1219,R,1245,R,2563,R,3548,R,2464,R,6111,R,3782,R,4793,R,8575
444264,1,412,1,R,34,R,72,R,24,R,73,R,106,R,97,R,58,R,145,R,203
444282,1,412,1,R,1,R,39,R,0,R,10,R,40,R,10,R,1,R,49,R,50
444291,1,412,1,R,2,R,46,R,0,R,23,R,48,R,23,R,2,R,69,R,71
444307,1,412,1,R,2,R,33,R,2,R,18,R,35,R,20,R,4,R,51,R,55
444398,1,412,1,R,52,R,61,R,18,R,23,R,113,R,41,R,70,R,84,R,154
444468,1,412,1,R,1,R,10,R,0,R,1,R,11,R,1,R,1,R,11,R,12
444486,1,412,1,R,24,R,316,R,2,R,152,R,340,R,154,R,26,R,468,R,494
444787,1,412,1,R,61,R,354,R,9,R,103,R,415,R,112,R,70,R,457,R,527
444811,1,412,1,R,17,R,128,R,1,R,60,R,145,R,61,R,18,R,188,R,206
444954,1,412,1,R,490,R,545,R,388,R,450,R,1035,R,838,R,878,R,995,R,1873
444990,1,412,1,R,114,R,251,R,15,R,16,R,365,R,31,R,129,R,267,R,396
445027,1,412,1,R,1871,R,5047,R,664,R,1195,R,6918,R,1859,R,2535,R,6242,R,8777
445133,1,412,1,R,102,R,129,R,44,R,74,R,231,R,118,R,146,R,203,R,349
445188,1,412,1,R,4125,R,4347,R,41,R,31,R,8472,R,72,R,4166,R,4378,R,8544
445212,1,412,1,R,24,R,111,R,23,R,92,R,135,R,115,R,47,R,203,R,250
445267,1,412,1,R,256,R,889,R,980,R,1738,R,1145,R,2718,R,1236,R,2627,R,3863
445300,1,412,1,R,24,R,23,Z,0,Z,0,R,47,Z,0,R,24,R,23,R,47
445708,1,412,1,R,546,R,1115,R,6,R,14,R,1661,R,20,R,552,R,1129,R,1681
445780,1,412,1,R,0,R,22,R,0,R,1,R,22,R,1,R,0,R,23,R,23
445869,1,412,1,R,93,R,148,R,20,R,39,R,241,R,59,R,113,R,187,R,300
445911,1,412,1,R,166,R,309,R,67,R,137,R,475,R,204,R,233,R,446,R,679
446039,1,412,1,R,12,R,22,Z,0,Z,0,R,34,Z,0,R,12,R,22,R,34
446288,1,412,1,R,1,R,65,R,0,R,14,R,66,R,14,R,1,R,79,R,80
446516,1,412,1,R,6,R,10,Z,0,Z,0,R,16,Z,0,R,6,R,10,R,16
446774,1,412,1,R,456,R,657,R,1831,R,3329,R,1113,R,5160,R,2287,R,3986,R,6273
447148,1,412,1,R,13,R,101,R,1,R,47,R,114,R,48,R,14,R,148,R,162
447166,1,412,1,R,2,R,39,R,0,R,24,R,41,R,24,R,2,R,63,R,65
447175,1,412,1,R,0,R,29,R,0,R,19,R,29,R,19,R,0,R,48,R,48
447421,1,412,1,R,20,R,62,R,4,R,50,R,82,R,54,R,24,R,112,R,136
447430,1,412,1,R,10,R,48,R,7,R,50,R,58,R,57,R,17,R,98,R,115
447689,1,412,1,R,3486,R,4717,R,1892,R,2413,R,8203,R,4305,R,5378,R,7130,R,12508
447892,1,412,1,R,11,R,71,R,6,R,33,R,82,R,39,R,17,R,104,R,121
447962,1,412,1,R,39,R,187,Z,0,Z,0,R,226,Z,0,R,39,R,187,R,226
447999,1,412,1,R,35,R,131,Z,0,Z,0,R,166,Z,0,R,35,R,131,R,166
448150,1,412,1,R,4,R,30,Z,0,Z,0,R,34,Z,0,R,4,R,30,R,34
448220,1,412,1,R,3,R,129,Z,0,Z,0,R,132,Z,0,R,3,R,129,R,132
448284,1,412,1,R,186,R,461,R,280,R,682,R,647,R,962,R,466,R,1143,R,1609
448309,1,412,1,R,8,R,10,R,5,R,12,R,18,R,17,R,13,R,22,R,35
448567,1,412,1,R,7,R,4,Z,0,Z,0,R,11,Z,0,R,7,R,4,R,11
448594,1,412,1,R,588,R,923,R,990,R,1738,R,1511,R,2728,R,1578,R,2661,R,4239
448673,1,412,1,R,105,R,878,R,75,R,671,R,983,R,746,R,180,R,1549,R,1729
448798,1,412,1,R,5,R,112,Z,0,Z,0,R,117,Z,0,R,5,R,112,R,117
448840,1,412,1,R,1030,R,1879,R,701,R,1117,R,2909,R,1818,R,1731,R,2996,R,4727
448886,1,412,1,R,3383,R,6679,R,539,R,983,R,10062,R,1522,R,3922,R,7662,R,11584
449038,1,412,1,R,215,R,163,R,486,R,1341,R,378,R,1827,R,701,R,1504,R,2205
449320,1,412,1,R,344,R,12,R,170,R,5,R,356,R,175,R,514,R,17,R,531
449357,1,412,1,R,9,R,81,Z,0,Z,0,R,90,Z,0,R,9,R,81,R,90
449524,1,412,1,R,27,R,108,Z,0,Z,0,R,135,Z,0,R,27,R,108,R,135
449667,1,412,1,R,5,R,33,Z,0,Z,0,R,38,Z,0,R,5,R,33,R,38
449719,1,412,1,R,13,R,114,Z,0,Z,0,R,127,Z,0,R,13,R,114,R,127
449889,1,412,1,R,1638,R,3865,Z,0,Z,0,R,5503,Z,0,R,1638,R,3865,R,5503
449922,1,412,1,R,107,R,113,R,1,R,0,R,220,R,1,R,108,R,113,R,221
449931,1,412,1,R,74,R,174,R,152,R,212,R,248,R,364,R,226,R,386,R,612
449959,1,412,1,R,8,R,111,R,12,R,87,R,119,R,99,R,20,R,198,R,218
449968,1,412,1,R,30,R,159,R,15,R,50,R,189,R,65,R,45,R,209,R,254
449977,1,412,1,R,9,R,88,R,5,R,81,R,97,R,86,R,14,R,169,R,183
449986,1,412,1,R,16,R,184,R,7,R,69,R,200,R,76,R,23,R,253,R,276
449995,1,412,1,R,8,R,81,R,5,R,95,R,89,R,100,R,13,R,176,R,189
450298,1,412,1,R,13,R,18,R,75,R,245,R,31,R,320,R,88,R,263,R,351
450377,1,412,1,R,41,R,43,R,225,R,925,R,84,R,1150,R,266,R,968,R,1234
450483,1,412,1,R,10,R,8,Z,0,Z,0,R,18,Z,0,R,10,R,8,R,18
450571,1,412,1,R,44,R,341,R,37,R,231,R,385,R,268,R,81,R,572,R,653
450599,1,412,1,R,6,R,53,Z,0,Z,0,R,59,Z,0,R,6,R,53,R,59
450605,1,412,1,R,0,R,56,R,0,R,23,R,56,R,23,R,0,R,79,R,79
450614,1,412,1,R,5,R,57,R,1,R,26,R,62,R,27,R,6,R,83,R,89
450720,1,412,1,R,4,R,271,R,2,R,152,R,275,R,154,R,6,R,423,R,429
450933,1,412,1,R,7900,R,6356,R,4831,R,2017,R,14256,R,6848,R,12731,R,8373,R,21104
451079,1,412,1,R,7,R,52,Z,0,Z,0,R,59,Z,0,R,7,R,52,R,59
451121,1,412,1,R,3,R,63,R,5,R,60,R,66,R,65,R,8,R,123,R,131
451194,1,412,1,R,1,R,27,Z,0,Z,0,R,28,Z,0,R,1,R,27,R,28
451255,1,412,1,R,0,R,6,R,0,R,7,R,6,R,7,R,0,R,13,R,13
451282,1,412,1,R,2,R,77,R,3,R,11,R,79,R,14,R,5,R,88,R,93
451334,1,412,1,R,91,R,151,Z,0,Z,0,R,242,Z,0,R,91,R,151,R,242
451459,1,412,1,R,21,R,27,R,3,R,26,R,48,R,29,R,24,R,53,R,77
451501,1,412,1,R,70,R,170,Z,0,Z,0,R,240,Z,0,R,70,R,170,R,240
451565,1,412,1,R,9,R,113,R,3,R,15,R,122,R,18,R,12,R,128,R,140
451671,1,412,1,R,421,R,630,R,388,R,630,R,1051,R,1018,R,809,R,1260,R,2069
451714,1,412,1,R,9,R,238,R,0,R,25,R,247,R,25,R,9,R,263,R,272
451750,1,412,1,R,106,R,365,R,25,R,301,R,471,R,326,R,131,R,666,R,797
451875,1,412,1,R,9,R,38,R,6,R,76,R,47,R,82,R,15,R,114,R,129
451884,1,412,1,R,5,R,11,R,19,R,60,R,16,R,79,R,24,R,71,R,95
452780,1,412,1,Z,0,Z,0,R,0,R,19,Z,0,R,19,R,0,R,19,R,19
452948,1,412,1,R,37,R,261,R,32,R,244,R,298,R,276,R,69,R,505,R,574
453163,1,412,1,R,155,R,240,R,978,R,4330,R,395,R,5308,R,1133,R,4570,R,5703
453215,1,412,1,R,39,R,68,R,180,R,673,R,107,R,853,R,219,R,741,R,960
453297,1,412,1,R,9,R,13,Z,0,Z,0,R,22,Z,0,R,9,R,13,R,22
454227,1,412,1,R,384,R,2886,R,2405,R,21954,R,3270,R,24359,R,2789,R,24840,R,27629
454236,1,412,1,R,29,R,208,R,39,R,281,R,237,R,320,R,68,R,489,R,557
454245,1,412,1,R,39,R,232,R,54,R,367,R,271,R,421,R,93,R,599,R,692
454616,1,412,1,R,125,R,23,R,44,R,11,R,148,R,55,R,169,R,34,R,203
454698,1,412,1,R,199,R,249,Z,0,Z,0,R,448,Z,0,R,199,R,249,R,448
454768,1,412,1,R,22,R,118,R,8,R,79,R,140,R,87,R,30,R,197,R,227
454829,1,412,1,R,282,R,1139,R,626,R,3377,R,1421,R,4003,R,908,R,4516,R,5424
454926,1,412,1,R,13,R,199,Z,0,Z,0,R,212,Z,0,R,13,R,199,R,212
455080,1,412,1,R,19,R,139,R,0,R,10,R,158,R,10,R,19,R,149,R,168
455114,1,412,1,R,1307,R,1439,R,3073,R,4458,R,2746,R,7531,R,4380,R,5897,R,10277
455202,1,412,1,R,55,R,343,R,4,R,23,R,398,R,27,R,59,R,366,R,425
455406,1,412,1,R,271,R,289,R,4,R,6,R,560,R,10,R,275,R,295,R,570
455512,1,412,1,R,375,R,552,R,1035,R,1704,R,927,R,2739,R,1410,R,2256,R,3666
455558,1,412,1,R,51,R,62,Z,0,Z,0,R,113,Z,0,R,51,R,62,R,113
455770,1,412,1,R,93,R,75,R,1,R,2,R,168,R,3,R,94,R,77,R,171
455868,1,412,1,R,37,R,222,Z,0,Z,0,R,259,Z,0,R,37,R,222,R,259
455877,1,412,1,R,6,R,93,R,0,R,8,R,99,R,8,R,6,R,101,R,107
455901,1,412,1,R,14,R,208,Z,0,Z,0,R,222,Z,0,R,14,R,208,R,222
456029,1,412,1,R,13,R,207,Z,0,Z,0,R,220,Z,0,R,13,R,207,R,220
456126,1,412,1,R,7,R,45,R,1,R,30,R,52,R,31,R,8,R,75,R,83
456135,1,412,1,R,1,R,73,R,0,R,21,R,74,R,21,R,1,R,94,R,95
456542,1,412,1,R,258,R,264,R,4,R,3,R,522,R,7,R,262,R,267,R,529
456621,1,412,1,R,12,R,22,R,57,R,130,R,34,R,187,R,69,R,152,R,221
456825,1,412,1,R,2,R,161,R,0,R,2,R,163,R,2,R,2,R,163,R,165
456959,1,412,1,R,119,R,396,R,3,R,15,R,515,R,18,R,122,R,411,R,533
457129,1,412,1,R,40,R,234,R,93,R,579,R,274,R,672,R,133,R,813,R,946
457253,1,412,1,R,0,R,18,R,4,R,37,R,18,R,41,R,4,R,55,R,59
457271,1,412,1,R,6,R,11,R,12,R,25,R,17,R,37,R,18,R,36,R,54
457314,1,412,1,R,27,R,83,Z,0,Z,0,R,110,Z,0,R,27,R,83,R,110
457439,1,412,1,R,1,R,39,R,2,R,26,R,40,R,28,R,3,R,65,R,68
457493,1,412,1,R,2,R,20,Z,0,Z,0,R,22,Z,0,R,2,R,20,R,22
457545,1,412,1,R,4,R,83,R,0,R,23,R,87,R,23,R,4,R,106,R,110
457633,1,412,1,R,1,R,43,R,1,R,94,R,44,R,95,R,2,R,137,R,139
457679,1,412,1,R,0,R,25,Z,0,Z,0,R,25,Z,0,R,0,R,25,R,25
457794,1,412,1,R,10,R,98,Z,0,Z,0,R,108,Z,0,R,10,R,98,R,108
457855,1,412,1,R,3,R,60,Z,0,Z,0,R,63,Z,0,R,3,R,60,R,63
458210,1,412,1,R,518,R,1737,R,222,R,947,R,2255,R,1169,R,740,R,2684,R,3424
458229,1,412,1,R,376,R,1199,R,24,R,72,R,1575,R,96,R,400,R,1271,R,1671
458274,1,412,1,R,6,R,124,R,4,R,49,R,130,R,53,R,10,R,173,R,183
458380,1,412,1,R,10,R,94,Z,0,Z,0,R,104,Z,0,R,10,R,94,R,104
458502,1,412,1,R,41,R,211,R,12,R,161,R,252,R,173,R,53,R,372,R,425
458803,1,412,1,R,2,R,52,R,0,R,45,R,54,R,45,R,2,R,97,R,99
458812,1,412,1,R,4,R,75,Z,0,Z,0,R,79,Z,0,R,4,R,75,R,79
458821,1,412,1,R,2,R,57,Z,0,Z,0,R,59,Z,0,R,2,R,57,R,59
458830,1,412,1,R,5,R,75,R,1,R,46,R,80,R,47,R,6,R,121,R,127
458849,1,412,1,R,7,R,47,R,0,R,20,R,54,R,20,R,7,R,67,R,74
458858,1,412,1,R,6,R,100,R,1,R,71,R,106,R,72,R,7,R,171,R,178
458867,1,412,1,R,12,R,164,R,1,R,63,R,176,R,64,R,13,R,227,R,240
458885,1,412,1,R,4,R,10,R,66,R,288,R,14,R,354,R,70,R,298,R,368
458919,1,412,1,R,380,R,435,R,1255,R,5460,R,815,R,6715,R,1635,R,5895,R,7530
458955,1,412,1,R,5,R,14,R,89,R,400,R,19,R,489,R,94,R,414,R,508
458964,1,412,1,R,89,R,167,R,410,R,2021,R,256,R,2431,R,499,R,2188,R,2687
458973,1,412,1,R,185,R,168,R,490,R,1574,R,353,R,2064,R,675,R,1742,R,2417
459000,1,412,1,R,3,R,59,Z,0,Z,0,R,62,Z,0,R,3,R,59,R,62
459019,1,412,1,R,6,R,49,R,0,R,31,R,55,R,31,R,6,R,80,R,86
459037,1,412,1,R,5,R,43,R,2,R,17,R,48,R,19,R,7,R,60,R,67
459046,1,412,1,R,1,R,54,R,1,R,19,R,55,R,20,R,2,R,73,R,75
459055,1,412,1,R,1,R,49,R,2,R,30,R,50,R,32,R,3,R,79,R,82
459064,1,412,1,R,3,R,71,R,3,R,30,R,74,R,33,R,6,R,101,R,107
459073,1,412,1,R,3,R,43,Z,0,Z,0,R,46,Z,0,R,3,R,43,R,46
459107,1,412,1,R,47,R,129,R,17,R,140,R,176,R,157,R,64,R,269,R,333
459116,1,412,1,R,9,R,113,Z,0,Z,0,R,122,Z,0,R,9,R,113,R,122
459198,1,412,1,R,27,R,170,R,8,R,90,R,197,R,98,R,35,R,260,R,295
459204,1,412,1,R,693,R,3081,Z,0,Z,0,R,3774,Z,0,R,693,R,3081,R,3774
459286,1,412,1,R,32,R,141,R,5,R,21,R,173,R,26,R,37,R,162,R,199
459301,1,412,1,R,3,R,103,R,0,R,21,R,106,R,21,R,3,R,124,R,127
459329,1,412,1,R,126,R,79,R,0,R,10,R,205,R,10,R,126,R,89,R,215
459374,1,412,1,R,0,R,35,R,2,R,95,R,35,R,97,R,2,R,130,R,132
459417,1,412,1,R,90,R,23,R,11,R,5,R,113,R,16,R,101,R,28,R,129
459578,1,412,1,R,11,R,44,R,10,R,20,R,55,R,30,R,21,R,64,R,85
459736,1,412,1,R,517,R,740,R,63,R,115,R,1257,R,178,R,580,R,855,R,1435
459824,1,412,1,R,564,R,597,R,87,R,231,R,1161,R,318,R,651,R,828,R,1479
459949,1,412,1,R,1221,R,1916,R,1289,R,2131,R,3137,R,3420,R,2510,R,4047,R,6557
459994,1,412,1,R,374,R,434,R,3332,R,6358,R,808,R,9690,R,3706,R,6792,R,10498
460349,1,412,1,R,108,R,297,R,325,R,778,R,405,R,1103,R,433,R,1075,R,1508
460376,1,412,1,R,115,R,95,R,41,R,31,R,210,R,72,R,156,R,126,R,282
460394,1,412,1,R,962,R,1376,R,3200,R,4536,R,2338,R,7736,R,4162,R,5912,R,10074
460464,1,412,1,R,1089,R,1056,R,4040,R,4690,R,2145,R,8730,R,5129,R,5746,R,10875
460482,1,412,1,R,10,R,147,Z,0,Z,0,R,157,Z,0,R,10,R,147,R,157
460677,1,412,1,R,94,R,219,R,15,R,48,R,313,R,63,R,109,R,267,R,376
460862,1,412,1,R,11,R,112,R,7,R,114,R,123,R,121,R,18,R,226,R,244
460871,1,412,1,R,17,R,159,R,47,R,283,R,176,R,330,R,64,R,442,R,506
461272,1,412,1,R,0,R,21,R,0,R,14,R,21,R,14,R,0,R,35,R,35
461421,1,412,1,R,9,R,204,Z,0,Z,0,R,213,Z,0,R,9,R,204,R,213
461528,1,412,1,R,27,R,29,R,68,R,33,R,56,R,101,R,95,R,62,R,157
461591,1,412,1,R,11,R,128,Z,0,Z,0,R,139,Z,0,R,11,R,128,R,139
461704,1,412,1,R,20,R,103,Z,0,Z,0,R,123,Z,0,R,20,R,103,R,123
461713,1,412,1,R,0,R,15,R,1,R,33,R,15,R,34,R,1,R,48,R,49
461759,1,412,1,R,91,R,67,R,21,R,31,R,158,R,52,R,112,R,98,R,210
461917,1,412,1,R,0,R,95,R,3,R,61,R,95,R,64,R,3,R,156,R,159
462008,1,412,1,R,18,R,159,R,10,R,74,R,177,R,84,R,28,R,233,R,261
462035,1,412,1,R,42,R,109,R,33,R,75,R,151,R,108,R,75,R,184,R,259
462071,1,412,1,R,28,R,103,R,0,R,3,R,131,R,3,R,28,R,106,R,134
463056,1,412,1,R,628,R,672,R,66,R,66,R,1300,R,132,R,694,R,738,R,1432
466152,1,412,1,R,4,R,6,R,24,R,75,R,10,R,99,R,28,R,81,R,109
466161,1,412,1,R,14,R,26,R,13,R,76,R,40,R,89,R,27,R,102,R,129
466189,1,412,1,R,19,R,23,R,37,R,67,R,42,R,104,R,56,R,90,R,146
466921,1,412,1,R,12,R,129,R,42,R,352,R,141,R,394,R,54,R,481,R,535
466930,1,412,1,R,34,R,171,R,73,R,545,R,205,R,618,R,107,R,716,R,823
467863,1,412,1,R,20,R,138,R,15,R,55,R,158,R,70,R,35,R,193,R,228
467872,1,412,1,R,1,R,128,R,3,R,67,R,129,R,70,R,4,R,195,R,199
468893,1,412,1,R,6,R,130,R,0,R,2,R,136,R,2,R,6,R,132,R,138
469629,1,412,1,R,124,R,8,Z,0,Z,0,R,132,Z,0,R,124,R,8,R,132
470047,1,412,1,R,5,R,27,Z,0,Z,0,R,32,Z,0,R,5,R,27,R,32
474863,1,412,1,R,244,R,759,R,307,R,1050,R,1003,R,1357,R,551,R,1809,R,2360
475015,1,412,1,R,3,R,144,Z,0,Z,0,R,147,Z,0,R,3,R,144,R,147
475033,1,412,1,Z,0,Z,0,R,1015,R,3002,Z,0,R,4017,R,1015,R,3002,R,4017
475200,1,412,1,R,12,R,31,R,67,R,184,R,43,R,251,R,79,R,215,R,294
475422,1,412,1,R,5,R,11,R,4,R,110,R,16,R,114,R,9,R,121,R,130
475431,1,412,1,R,8,R,49,Z,0,Z,0,R,57,Z,0,R,8,R,49,R,57
475486,1,412,1,R,20,R,302,R,0,R,6,R,322,R,6,R,20,R,308,R,328
475547,1,412,1,R,15,R,64,R,12,R,37,R,79,R,49,R,27,R,101,R,128
475556,1,412,1,R,6,R,100,R,1,R,48,R,106,R,49,R,7,R,148,R,155
475699,1,412,1,R,5,R,69,R,3,R,46,R,74,R,49,R,8,R,115,R,123
475705,1,412,1,R,4,R,7,Z,0,Z,0,R,11,Z,0,R,4,R,7,R,11
475732,1,412,1,R,25,R,249,R,77,R,717,R,274,R,794,R,102,R,966,R,1068
475741,1,412,1,R,9,R,87,R,10,R,104,R,96,R,114,R,19,R,191,R,210
476063,1,412,1,R,169,R,9,Z,0,Z,0,R,178,Z,0,R,169,R,9,R,178
476179,1,412,1,R,3,R,70,R,1,R,41,R,73,R,42,R,4,R,111,R,115
476294,1,412,1,R,5,R,38,R,14,R,73,R,43,R,87,R,19,R,111,R,130
476513,1,412,1,R,5,R,48,Z,0,Z,0,R,53,Z,0,R,5,R,48,R,53
476805,1,412,1,R,0,R,28,Z,0,Z,0,R,28,Z,0,R,0,R,28,R,28
476841,1,412,1,R,13,R,145,R,1,R,21,R,158,R,22,R,14,R,166,R,180
476975,1,412,1,R,889,R,1448,R,4132,R,6007,R,2337,R,10139,R,5021,R,7455,R,12476
476984,1,412,1,R,9,R,135,R,3,R,41,R,144,R,44,R,12,R,176,R,188
476993,1,412,1,R,1,R,209,Z,0,Z,0,R,210,Z,0,R,1,R,209,R,210
477039,1,412,1,R,98,R,607,R,18,R,86,R,705,R,104,R,116,R,693,R,809
477996,1,412,1,R,1,R,4,R,10,R,53,R,5,R,63,R,11,R,57,R,68
478014,1,412,1,R,22,R,20,R,31,R,107,R,42,R,138,R,53,R,127,R,180
478582,1,412,1,R,1,R,76,R,1,R,22,R,77,R,23,R,2,R,98,R,100
478616,1,412,1,R,1,R,58,R,2,R,18,R,59,R,20,R,3,R,76,R,79
478953,1,412,1,R,9,R,162,Z,0,Z,0,R,171,Z,0,R,9,R,162,R,171
479956,1,412,1,R,1307,R,1684,R,5877,R,5590,R,2991,R,11467,R,7184,R,7274,R,14458
480064,1,412,1,R,20,R,138,R,48,R,283,R,158,R,331,R,68,R,421,R,489
480091,1,412,1,R,300,R,2624,R,152,R,1366,R,2924,R,1518,R,452,R,3990,R,4442
480134,1,412,1,Z,0,Z,0,R,130,R,190,Z,0,R,320,R,130,R,190,R,320
480170,1,412,1,R,3,R,59,R,0,R,31,R,62,R,31,R,3,R,90,R,93
480189,1,412,1,R,200,R,225,R,37,R,149,R,425,R,186,R,237,R,374,R,611
480310,1,412,1,R,4,R,69,R,3,R,24,R,73,R,27,R,7,R,93,R,100
480569,1,412,1,R,360,R,547,R,688,R,715,R,907,R,1403,R,1048,R,1262,R,2310
480657,1,412,1,R,45,R,276,R,25,R,208,R,321,R,233,R,70,R,484,R,554
480930,1,412,1,R,4,R,84,R,4,R,43,R,88,R,47,R,8,R,127,R,135
480976,1,412,1,R,3,R,43,Z,0,Z,0,R,46,Z,0,R,3,R,43,R,46
481137,1,412,1,R,45,R,35,Z,0,Z,0,R,80,Z,0,R,45,R,35,R,80
481225,1,412,1,R,13,R,13,R,2,R,0,R,26,R,2,R,15,R,13,R,28
481535,1,412,1,R,15,R,17,Z,0,Z,0,R,32,Z,0,R,15,R,17,R,32
481678,1,412,1,R,2,R,54,R,1,R,24,R,56,R,25,R,3,R,78,R,81
481739,1,412,1,R,1,R,46,R,0,R,27,R,47,R,27,R,1,R,73,R,74
481748,1,412,1,R,1,R,100,R,0,R,25,R,101,R,25,R,1,R,125,R,126
481845,1,412,1,R,4,R,29,R,0,R,16,R,33,R,16,R,4,R,45,R,49
482149,1,412,1,R,2461,R,4379,R,580,R,1038,R,6840,R,1618,R,3041,R,5417,R,8458
482158,1,412,1,R,2220,R,2673,R,1101,R,1808,R,4893,R,2909,R,3321,R,4481,R,7802
482176,1,412,1,R,14,R,181,R,1,R,5,R,195,R,6,R,15,R,186,R,201
482185,1,412,1,R,94,R,53,Z,0,Z,0,R,147,Z,0,R,94,R,53,R,147
482200,1,412,1,R,15,R,52,Z,0,Z,0,R,67,Z,0,R,15,R,52,R,67
482325,1,412,1,R,7,R,15,R,15,R,47,R,22,R,62,R,22,R,62,R,84
482343,1,412,1,R,4,R,15,R,0,R,3,R,19,R,3,R,4,R,18,R,22
482370,1,412,1,R,8,R,53,R,27,R,211,R,61,R,238,R,35,R,264,R,299
482413,1,412,1,R,449,R,274,R,409,R,339,R,723,R,748,R,858,R,613,R,1471
482422,1,412,1,R,119,R,51,R,184,R,124,R,170,R,308,R,303,R,175,R,478
482431,1,412,1,R,686,R,388,R,803,R,622,R,1074,R,1425,R,1489,R,1010,R,2499
482440,1,412,1,R,23,R,39,R,45,R,64,R,62,R,109,R,68,R,103,R,171
482459,1,412,1,R,159,R,160,R,216,R,269,R,319,R,485,R,375,R,429,R,804
482468,1,412,1,R,209,R,290,R,299,R,383,R,499,R,682,R,508,R,673,R,1181
482477,1,412,1,R,2051,R,3322,R,4226,R,7765,R,5373,R,11991,R,6277,R,11087,R,17364
482486,1,412,1,R,8,R,18,R,19,R,17,R,26,R,36,R,27,R,35,R,62
482538,1,412,1,R,32,R,8,R,41,R,30,R,40,R,71,R,73,R,38,R,111
482547,1,412,1,R,34,R,19,R,36,R,25,R,53,R,61,R,70,R,44,R,114
482556,1,412,1,R,131,R,62,R,134,R,60,R,193,R,194,R,265,R,122,R,387
482565,1,412,1,R,15,R,15,R,32,R,56,R,30,R,88,R,47,R,71,R,118
482574,1,412,1,R,183,R,125,R,265,R,199,R,308,R,464,R,448,R,324,R,772
482608,1,412,1,R,48,R,56,R,94,R,99,R,104,R,193,R,142,R,155,R,297
482617,1,412,1,R,11,R,6,R,13,R,18,R,17,R,31,R,24,R,24,R,48
482635,1,412,1,R,180,R,95,R,195,R,172,R,275,R,367,R,375,R,267,R,642
482653,1,412,1,R,64,R,54,R,133,R,123,R,118,R,256,R,197,R,177,R,374
482680,1,412,1,R,5830,R,7589,R,2628,R,3675,R,13419,R,6303,R,8458,R,11264,R,19722
482699,1,412,1,R,601,R,979,R,269,R,633,R,1580,R,902,R,870,R,1612,R,2482
482705,1,412,1,R,1576,R,1987,R,3689,R,4648,R,3563,R,8337,R,5265,R,6635,R,11900
482936,1,412,1,R,1103,R,168,R,132,R,22,R,1271,R,154,R,1235,R,190,R,1425
483018,1,412,1,R,39,R,63,Z,0,Z,0,R,102,Z,0,R,39,R,63,R,102
483036,1,412,1,R,387,R,491,R,630,R,956,R,878,R,1586,R,1017,R,1447,R,2464
483045,1,412,1,R,768,R,1417,R,2175,R,3859,R,2185,R,6034,R,2943,R,5276,R,8219
483124,1,412,1,R,5010,R,9105,R,9916,R,14509,R,14115,R,24425,R,14926,R,23614,R,38540
483212,1,412,1,R,753,R,1130,R,753,R,1179,R,1883,R,1932,R,1506,R,2309,R,3815
483230,1,412,1,R,107,R,6,R,50,R,0,R,113,R,50,R,157,R,6,R,163
483328,1,412,1,R,11,R,76,R,4,R,35,R,87,R,39,R,15,R,111,R,126
483337,1,412,1,R,6,R,101,R,2,R,62,R,107,R,64,R,8,R,163,R,171
483504,1,412,1,R,100,R,237,Z,0,Z,0,R,337,Z,0,R,100,R,237,R,337
483513,1,412,1,R,32,R,27,Z,0,Z,0,R,59,Z,0,R,32,R,27,R,59
483559,1,412,1,R,4,R,64,R,2,R,19,R,68,R,21,R,6,R,83,R,89
483595,1,412,1,R,36,R,128,R,18,R,51,R,164,R,69,R,54,R,179,R,233
483610,1,412,1,R,2,R,69,Z,0,Z,0,R,71,Z,0,R,2,R,69,R,71
483665,1,412,1,R,1,R,26,Z,0,Z,0,R,27,Z,0,R,1,R,26,R,27
483780,1,412,1,R,174,R,97,R,19,R,12,R,271,R,31,R,193,R,109,R,302
483823,1,412,1,R,151,R,19,Z,0,Z,0,R,170,Z,0,R,151,R,19,R,170
483878,1,412,1,R,21,R,131,Z,0,Z,0,R,152,Z,0,R,21,R,131,R,152
483911,1,412,1,R,0,R,18,Z,0,Z,0,R,18,Z,0,R,0,R,18,R,18
483957,1,412,1,R,10,R,28,Z,0,Z,0,R,38,Z,0,R,10,R,28,R,38
484011,1,412,1,R,22,R,80,R,3,R,15,R,102,R,18,R,25,R,95,R,120
484093,1,412,1,R,0,R,79,R,0,R,46,R,79,R,46,R,0,R,125,R,125
484109,1,412,1,R,1,R,71,Z,0,Z,0,R,72,Z,0,R,1,R,71,R,72
484118,1,412,1,R,1,R,25,R,2,R,16,R,26,R,18,R,3,R,41,R,44
484190,1,412,1,R,32,R,2,Z,0,Z,0,R,34,Z,0,R,32,R,2,R,34
484473,1,412,1,R,615,R,904,R,875,R,1191,R,1519,R,2066,R,1490,R,2095,R,3585
484613,1,412,1,R,29836,R,65941,Z,0,Z,0,R,95777,Z,0,R,29836,R,65941,R,95777
484631,1,412,1,R,4237,R,2715,Z,0,Z,0,R,6952,Z,0,R,4237,R,2715,R,6952
484640,1,412,1,R,52,R,47,Z,0,Z,0,R,99,Z,0,R,52,R,47,R,99
484668,1,412,1,R,142,R,104,Z,0,Z,0,R,246,Z,0,R,142,R,104,R,246
484677,1,412,1,R,69,R,74,Z,0,Z,0,R,143,Z,0,R,69,R,74,R,143
484686,1,412,1,R,1,R,14,Z,0,Z,0,R,15,Z,0,R,1,R,14,R,15
484695,1,412,1,R,12,R,40,Z,0,Z,0,R,52,Z,0,R,12,R,40,R,52
484701,1,412,1,R,3,R,12,Z,0,Z,0,R,15,Z,0,R,3,R,12,R,15
484710,1,412,1,R,173,R,147,Z,0,Z,0,R,320,Z,0,R,173,R,147,R,320
484729,1,412,1,R,34,R,38,Z,0,Z,0,R,72,Z,0,R,34,R,38,R,72
484747,1,412,1,R,14,R,48,Z,0,Z,0,R,62,Z,0,R,14,R,48,R,62
484756,1,412,1,R,513,R,377,Z,0,Z,0,R,890,Z,0,R,513,R,377,R,890
484765,1,412,1,R,77,R,36,Z,0,Z,0,R,113,Z,0,R,77,R,36,R,113
484783,1,412,1,R,16,R,46,Z,0,Z,0,R,62,Z,0,R,16,R,46,R,62
484905,1,412,1,R,778,R,1478,R,428,R,1073,R,2256,R,1501,R,1206,R,2551,R,3757
485014,1,412,1,R,3,R,54,Z,0,Z,0,R,57,Z,0,R,3,R,54,R,57
485111,1,412,1,R,1551,R,2601,R,1702,R,2958,R,4152,R,4660,R,3253,R,5559,R,8812
485120,1,412,1,R,1,R,27,R,0,R,11,R,28,R,11,R,1,R,38,R,39
485272,1,412,1,R,84,R,478,R,28,R,264,R,562,R,292,R,112,R,742,R,854
485290,1,412,1,R,82,R,166,R,72,R,160,R,248,R,232,R,154,R,326,R,480
485342,1,412,1,R,29,R,22,R,90,R,153,R,51,R,243,R,119,R,175,R,294
485397,1,412,1,R,2,R,86,R,1,R,30,R,88,R,31,R,3,R,116,R,119
485458,1,412,1,R,231,R,472,R,1119,R,1645,R,703,R,2764,R,1350,R,2117,R,3467
485500,1,412,1,R,10,R,2,R,40,R,13,R,12,R,53,R,50,R,15,R,65
485519,1,412,1,R,22,R,15,R,187,R,86,R,37,R,273,R,209,R,101,R,310
485537,1,412,1,R,12,R,13,R,4,R,14,R,25,R,18,R,16,R,27,R,43
485546,1,412,1,R,15,R,7,R,256,R,227,R,22,R,483,R,271,R,234,R,505
485962,1,412,1,R,12,R,5,R,1,R,9,R,17,R,10,R,13,R,14,R,27
486239,1,412,1,R,116,R,137,R,37,R,59,R,253,R,96,R,153,R,196,R,349
486372,1,412,1,R,27,R,14,R,3,R,1,R,41,R,4,R,30,R,15,R,45
486406,1,412,1,R,1,R,15,Z,0,Z,0,R,16,Z,0,R,1,R,15,R,16
486433,1,412,1,R,18,R,29,R,26,R,47,R,47,R,73,R,44,R,76,R,120
486488,1,412,1,R,22,R,9,R,12,R,11,R,31,R,23,R,34,R,20,R,54
486530,1,412,1,R,5,R,152,Z,0,Z,0,R,157,Z,0,R,5,R,152,R,157
486567,1,412,1,R,11,R,173,R,0,R,9,R,184,R,9,R,11,R,182,R,193
486691,1,412,1,R,6,R,86,Z,0,Z,0,R,92,Z,0,R,6,R,86,R,92
486798,1,412,1,R,1319,R,99,Z,0,Z,0,R,1418,Z,0,R,1319,R,99,R,1418
486840,1,412,1,R,12750,R,12375,R,5404,R,4891,R,25125,R,10295,R,18154,R,17266,R,35420
486877,1,412,1,R,2,R,19,Z,0,Z,0,R,21,Z,0,R,2,R,19,R,21
486886,1,412,1,R,1,R,14,R,0,R,14,R,15,R,14,R,1,R,28,R,29
486901,1,412,1,R,438,R,608,R,84,R,95,R,1046,R,179,R,522,R,703,R,1225
486938,1,412,1,R,39,R,116,R,31,R,124,R,155,R,155,R,70,R,240,R,310
486947,1,412,1,R,16,R,84,R,28,R,171,R,100,R,199,R,44,R,255,R,299
486956,1,412,1,R,26,R,267,R,52,R,332,R,293,R,384,R,78,R,599,R,677
486983,1,412,1,R,10,R,43,Z,0,Z,0,R,53,Z,0,R,10,R,43,R,53
487010,1,412,1,R,1197,R,1869,R,56,R,158,R,3066,R,214,R,1253,R,2027,R,3280
487092,1,412,1,R,419,R,571,R,1,R,2,R,990,R,3,R,420,R,573,R,993
487162,1,412,1,R,434,R,967,R,1139,R,2097,R,1401,R,3236,R,1573,R,3064,R,4637
487296,1,412,1,R,118,R,158,R,64,R,89,R,276,R,153,R,182,R,247,R,429
487320,1,412,1,R,3657,R,1196,R,4826,R,2766,R,4853,R,7592,R,8483,R,3962,R,12445
487348,1,412,1,R,1,R,48,R,8,R,64,R,49,R,72,R,9,R,112,R,121
487649,1,412,1,R,16,R,52,R,1,R,1,R,68,R,2,R,17,R,53,R,70
487658,1,412,1,R,49,R,15,Z,0,Z,0,R,64,Z,0,R,49,R,15,R,64
487676,1,412,1,R,6,R,184,Z,0,Z,0,R,190,Z,0,R,6,R,184,R,190
487807,1,412,1,R,13,R,4,R,3,R,3,R,17,R,6,R,16,R,7,R,23
487852,1,412,1,Z,0,Z,0,R,10,R,25,Z,0,R,35,R,10,R,25,R,35
487995,1,412,1,R,33,R,56,R,22,R,34,R,89,R,56,R,55,R,90,R,145
488022,1,412,1,R,24,R,6,R,13,R,4,R,30,R,17,R,37,R,10,R,47
488280,1,412,1,R,85,R,34,Z,0,Z,0,R,119,Z,0,R,85,R,34,R,119
488305,1,412,1,R,47,R,46,R,9,R,11,R,93,R,20,R,56,R,57,R,113
488332,1,412,1,R,13,R,145,Z,0,Z,0,R,158,Z,0,R,13,R,145,R,158
488411,1,412,1,R,1,R,56,Z,0,Z,0,R,57,Z,0,R,1,R,56,R,57
488651,1,412,1,R,8,R,52,R,2,R,25,R,60,R,27,R,10,R,77,R,87
488730,1,412,1,R,567,R,668,R,1818,R,2457,R,1235,R,4275,R,2385,R,3125,R,5510
488776,1,412,1,R,23,R,38,R,16,R,20,R,61,R,36,R,39,R,58,R,97
488800,1,412,1,R,283,R,666,R,6,R,9,R,949,R,15,R,289,R,675,R,964
488846,1,412,1,R,2364,R,1324,R,789,R,510,R,3688,R,1299,R,3153,R,1834,R,4987
488891,1,412,1,R,36,R,77,Z,0,Z,0,R,113,Z,0,R,36,R,77,R,113
488916,1,412,1,R,0,R,25,Z,0,Z,0,R,25,Z,0,R,0,R,25,R,25
488989,1,412,1,R,2,R,150,Z,0,Z,0,R,152,Z,0,R,2,R,150,R,152
488998,1,412,1,R,14,R,103,Z,0,Z,0,R,117,Z,0,R,14,R,103,R,117
489201,1,412,1,R,1081,R,1267,R,2182,R,3235,R,2348,R,5417,R,3263,R,4502,R,7765
489256,1,412,1,R,188,R,29,R,5,R,0,R,217,R,5,R,193,R,29,R,222
489344,1,412,1,R,4,R,79,R,3,R,93,R,83,R,96,R,7,R,172,R,179
489353,1,412,1,R,27,R,108,R,18,R,73,R,135,R,91,R,45,R,181,R,226
489371,1,412,1,R,130,R,10,Z,0,Z,0,R,140,Z,0,R,130,R,10,R,140
489779,1,412,1,R,66,R,175,R,312,R,945,R,241,R,1257,R,378,R,1120,R,1498
489788,1,412,1,R,9,R,53,R,17,R,205,R,62,R,222,R,26,R,258,R,284
489858,1,412,1,R,167,R,303,Z,0,Z,0,R,470,Z,0,R,167,R,303,R,470
489937,1,412,1,R,340,R,195,R,254,R,107,R,535,R,361,R,594,R,302,R,896
490018,1,412,1,R,25,R,11,Z,0,Z,0,R,36,Z,0,R,25,R,11,R,36
490124,1,412,1,R,7,R,7,Z,0,Z,0,R,14,Z,0,R,7,R,7,R,14
490133,1,412,1,R,958,R,769,R,16,R,17,R,1727,R,33,R,974,R,786,R,1760
490142,1,412,1,R,2,R,0,R,4,R,8,R,2,R,12,R,6,R,8,R,14
490188,1,412,1,R,0,R,21,Z,0,Z,0,R,21,Z,0,R,0,R,21,R,21
490212,1,412,1,R,8,R,18,Z,0,Z,0,R,26,Z,0,R,8,R,18,R,26
490249,1,412,1,R,18,R,0,R,11,R,2,R,18,R,13,R,29,R,2,R,31
490300,1,412,1,R,7,R,36,R,8,R,26,R,43,R,34,R,15,R,62,R,77
490407,1,412,1,R,0,R,10,R,1,R,3,R,10,R,4,R,1,R,13,R,14
490425,1,412,1,R,2,R,132,Z,0,Z,0,R,134,Z,0,R,2,R,132,R,134
490601,1,412,1,R,185,R,141,Z,0,Z,0,R,326,Z,0,R,185,R,141,R,326
490717,1,412,1,R,7,R,56,Z,0,Z,0,R,63,Z,0,R,7,R,56,R,63
490771,1,412,1,R,10,R,38,R,36,R,194,R,48,R,230,R,46,R,232,R,278
490805,1,412,1,R,3079,R,3079,R,1481,R,2834,R,6158,R,4315,R,4560,R,5913,R,10473
491093,1,412,1,R,1,R,9,R,16,R,27,R,10,R,43,R,17,R,36,R,53
491118,1,412,1,R,0,R,32,R,1,R,9,R,32,R,10,R,1,R,41,R,42
491136,1,412,1,R,3,R,68,Z,0,Z,0,R,71,Z,0,R,3,R,68,R,71
491145,1,412,1,R,3,R,74,Z,0,Z,0,R,77,Z,0,R,3,R,74,R,77
491181,1,412,1,R,20,R,120,R,18,R,88,R,140,R,106,R,38,R,208,R,246
491525,1,412,1,R,22,R,15,R,17,R,7,R,37,R,24,R,39,R,22,R,61
491598,1,412,1,R,4,R,13,Z,0,Z,0,R,17,Z,0,R,4,R,13,R,17
491677,1,412,1,R,16,R,1,R,0,R,6,R,17,R,6,R,16,R,7,R,23
491923,1,412,1,R,1,R,93,R,0,R,25,R,94,R,25,R,1,R,118,R,119
492458,1,412,1,R,5,R,62,R,1,R,35,R,67,R,36,R,6,R,97,R,103
492476,1,412,1,R,10,R,22,R,11,R,26,R,32,R,37,R,21,R,48,R,69
492643,1,412,1,R,18,R,59,R,3,R,3,R,77,R,6,R,21,R,62,R,83
492689,1,412,1,R,290,R,352,R,18,R,70,R,642,R,88,R,308,R,422,R,730
492759,1,412,1,R,6,R,49,R,2,R,18,R,55,R,20,R,8,R,67,R,75
492801,1,412,1,R,258,R,564,R,273,R,447,R,822,R,720,R,531,R,1011,R,1542
493451,1,412,1,R,12,R,54,Z,0,Z,0,R,66,Z,0,R,12,R,54,R,66
